# lambda, element, log(gf), Elow, linestrength
 8501.406  Ca1  -1.2700   5.8820  -4.6386
 8501.500  Si1  -1.5300   5.8500  -4.8803
 8501.810  Ni1  -1.9740   3.8300  -4.1674
 8502.584  Cr1  -0.9170   5.6560  -4.1562
 8502.740  Fe1  -6.4440   1.0110  -7.0230
 8503.069  Cr2  -4.1560   6.7570  -8.0257
 8503.271  Co2  -0.0730  12.0340  -6.9649
 8503.611  Cr2  -3.7470   6.6860  -7.5761
 8503.944  Ni2  -0.5560  13.1430  -8.0830
 8504.033  Fe2   0.0470  11.2380  -6.3890
 8504.385  Fe2  -5.0280   3.9030  -7.2633
 8504.544  Ni2   0.2960  11.4470  -6.2597
 8505.365  Fe2  -1.5040  11.2890  -7.9692
 8505.601   V1  -0.6540   3.2670  -2.5250
 8506.180  Cr2  -0.8620  11.7190  -7.5735
 8506.737  Co2   0.2670  10.6470  -5.8305
 8506.853  Mn2  -0.4930  12.5840  -7.6999
 8507.041  Cr1  -0.4740   5.3200  -3.5208
 8508.659  Fe2  -0.2210   9.7750  -5.8192
 8509.630  Fe1  -3.6610   4.3710  -6.1643
 8510.450   C1  -3.7400   9.3300  -9.0833
 8510.900  Sm2  -1.4100   1.5900  -2.3206
 8510.930  Ti2  -4.7590   2.5980  -6.2469
 8510.937  Cr1  -0.1230   5.6560  -3.3622
 8511.343  Mn2  -3.4510   5.3770  -6.5304
 8511.692  Fe1  -4.5990   2.8450  -6.2283
 8512.950  Fe1  -5.6030   3.0170  -7.3308
 8514.005  Fe2  -2.8720   6.8030  -6.7681
 8514.070  Fe1  -1.9770   2.1980  -3.2358
 8514.640  Si1  -1.6700   5.5900  -4.8714
 8515.080  Fe1  -1.9230   3.0180  -3.6514
 8515.102  Fe2  -1.2410  11.2320  -7.6736
 8515.809  Ni2  -1.4980  13.1590  -9.0342
 8515.889  Co2   0.4260  10.6130  -5.6521
 8516.194  Fe2  -2.5060   6.7290  -6.3597
 8516.571  Mn2  -3.7520   6.8120  -7.6532
 8517.017  Fe2  -2.6090   9.9410  -8.3022
 8517.082  Fe1  -1.9640   5.1060  -4.8882
 8518.050  Ti1  -1.0990   2.1300  -2.3189
 8518.370  Ti1  -1.0190   1.8700  -2.0900
 8518.770  Ca1  -1.9380   4.4300  -4.4751
 8519.050  Fe1  -2.4110   4.9560  -5.2493
 8519.554  Cr2  -3.3070   7.7740  -7.7592
 8521.100  Cs1   0.1520   0.0000   0.1520
 8521.297  Ni2  -4.5580   6.9960  -8.5646
 8521.440  Ar1  -0.3190  11.7800  -7.0654
 8521.525  Fe2  -1.6820  11.2910  -8.1484
 8521.573  Mn1  -0.7980   5.6730  -4.0469
 8521.914  Fe2  -2.1950  11.5180  -8.7914
 8522.481  Cr2  -0.6380  11.7000  -7.3386
 8522.599  Fe2  -0.2780  11.1960  -6.6900
 8523.149  Fe2  -4.0290   6.7300  -7.8833
 8523.919  Fe2  -2.7560   9.8490  -8.3965
 8524.286  Fe2  -3.0270   7.4940  -7.3188
 8524.530  Cr2  -5.5850   5.3190  -8.6312
 8525.040  Fe1  -3.2170   4.5840  -5.8423
 8525.514  Fe2  -7.8160   3.7680  -9.9739
 8525.716  Ca1  -1.2020   4.4300  -3.7391
 8526.690  Fe1  -0.5130   4.9130  -3.3267
 8526.971  Fe2  -2.1710  11.6530  -8.8447
 8527.320  Si1  -0.9300   5.5900  -4.1314
 8527.456  Fe2  -3.7280   7.1390  -7.8165
 8527.540  Mn2  -5.9580   3.9380  -8.2133
 8527.540  Fe2  -2.5400  11.5910  -9.1782
 8527.686  Co2  -0.4170  10.5600  -6.4647
 8527.880  Fe1  -2.0360   5.0200  -4.9110
 8529.272  Fe2  -2.2700  11.7840  -9.0187
 8529.996  Ca1  -2.1360   4.5540  -4.7441
 8530.334  Cr1  -0.9180   5.6620  -4.1606
 8531.078  Ca1  -2.0950   4.4300  -4.6321
 8531.120  Fe1  -2.8010   4.9660  -5.6450
 8531.360  Ti1  -2.4460   1.7300  -3.4368
 8532.140  Ti2  -2.9170   6.6450  -6.7226
 8532.752   V2  -4.0620   4.6200  -6.7079
 8533.975  Co2   0.5290  10.5600  -5.5187
 8534.551   V1  -0.9920   2.6840  -2.5291
 8536.533  Ni2  -2.0700  11.5050  -8.6589
 8536.686  Cr2  -0.5550  11.6020  -7.1995
 8536.918  Ca1  -2.3390   4.5310  -4.9339
 8537.306  Ni2  -0.7890  13.5980  -8.5766
 8537.729  Cr1  -0.0260   5.6620  -3.2686
 8537.790  Ni1  -1.4020   5.5250  -4.5662
 8538.020  Fe1  -2.2680   4.9130  -5.0817
 8538.187  Fe1  -4.6260   2.8320  -6.2479
 8538.421  Mn2  -5.4270   3.9260  -7.6754
 8538.545  Co2   0.0490  10.7790  -6.1241
 8538.954  Cr2  -1.2830  10.2960  -7.1795
 8539.127  Fe1  -3.0270   4.1910  -5.4272
 8539.360  Ti1  -0.8700   2.2300  -2.1471
 8539.468  Ti1  -1.1210   2.2390  -2.4033
 8539.639  Mn2  -3.0980   6.8120  -6.9992
 8540.763  Co1  -0.8470   5.3560  -3.9144
 8541.623  Fe2  -1.9910  11.2630  -8.4413
 8541.674  Ca1  -1.9860   4.5320  -4.5815
 8541.872   V1  -0.9120   2.6780  -2.4457
 8541.952  Cr2  -3.2860   6.8220  -7.1930
 8542.068  Ca1  -2.4800   4.5320  -5.0755
 8542.090  Ca2  -0.4910   1.6900  -1.4589
 8543.300  Si1  -1.1400   5.6100  -4.3529
 8543.720  Cr1  -2.5430   2.7000  -4.0893
 8544.272  Fe2  -1.9120  11.4440  -8.4660
 8546.454  Ni1  -1.4620   5.5140  -4.6199
 8547.388  Fe1  -5.9290   2.7280  -7.4913
 8548.070  Ti1  -1.1170   1.8700  -2.1880
 8548.102  Fe2  -2.1120  11.2380  -8.5480
 8548.774  Fe2  -3.3670   7.4730  -7.6468
 8548.830  Cr1  -2.0660   2.7000  -3.6123
 8550.340  Si1  -1.4800   6.2000  -5.0307
 8550.460  Cl1  -1.4000   9.1600  -6.6459
 8550.540  Ti1  -2.5040   1.7400  -3.5005
 8551.009  Fe2  -3.1520   7.1180  -7.2285
 8551.532  Cr2  -4.0140   6.6410  -7.8173
 8552.229  Fe2  -2.4450   9.9050  -8.1176
 8552.329  Fe2  -1.9970  11.5180  -8.5934
 8553.229  Cr1  -2.3150   3.3750  -4.2479
 8554.100  Mn2  -3.1970   6.8120  -7.0982
 8554.730  Fe2  -0.3320  12.1870  -7.3115
 8555.505  Ca1  -1.7070   4.5350  -4.3042
 8555.540  Cr1  -2.8260   2.7000  -4.3723
 8555.787  Fe2  -4.5790   6.8070  -8.4774
 8556.000  Si1  -3.0300   5.6100  -6.2429
 8556.267  Cr2  -0.7060  11.6500  -7.3780
 8556.304   V2  -2.4710   4.6520  -5.1352
 8556.566  Ca1  -2.4700   4.5350  -5.0672
 8556.640  Si1  -0.7300   5.8500  -4.0803
 8557.041  Fe2  -3.3570   7.2690  -7.5200
 8557.607  Mn2  -0.4910  12.5840  -7.6979
 8557.856  Cr1  -1.0690   5.6670  -4.3145
 8558.008  Fe2  -3.5060   9.0740  -8.7027
 8558.582  Mn1  -0.7690   5.6960  -4.0311
 8558.995  Co1  -2.0195   4.2400  -4.4478
 8559.021  Co1  -1.4280   4.2400  -3.8563
 8559.058  Co1  -1.8673   4.2400  -4.2956
 8559.270  Mn2  -0.1170  12.5850  -7.3244
 8559.744  Fe1  -1.4590   5.1060  -4.3832
 8560.970  Fe1  -4.1690   4.0760  -6.5033
 8561.609  Fe1  -1.6800   5.7200  -4.9559
 8562.130  Fe1  -0.9100   4.4730  -3.4717
 8562.540  Cr1   0.0830   5.6670  -3.1625
 8563.237  Fe2  -2.3160   8.1280  -6.9709
 8563.897  Fe2  -2.2750  11.5180  -8.8714
 8563.956  Ni2  -1.5500  13.2190  -9.1205
 8565.372  Ni1  -1.2160   5.3420  -4.2754
 8565.450  Ti1  -2.3950   1.7300  -3.3858
 8565.819  Mn2   0.2780  10.6700  -5.8327
 8565.966  Cr2  -0.4460  11.6270  -7.1048
 8566.735  Fe2  -4.4860   7.6530  -8.8689
 8567.640  Co1  -3.7670   2.3280  -5.1002
 8567.740   N1  -0.7000  10.6300  -6.7878
 8567.780  Fe1  -2.1350   4.9130  -4.9487
 8568.339  Fe2  -3.6940   7.6530  -8.0769
 8568.587  Cr2  -0.8130  11.6860  -7.5056
 8569.720  Ti1  -1.0500   2.2200  -2.3214
 8569.755  Cr2  -0.5030  11.7000  -7.2036
 8569.836  Co1  -0.7660   5.3080  -3.8059
 8569.945  Ti1  -1.4210   2.2310  -2.6987
 8569.968  Fe2  -2.5480  11.4270  -9.0923
 8570.835  Cr1  -0.8850   5.3200  -3.9318
 8570.858  Fe2  -0.1640  12.1670  -7.1321
 8571.840  Fe1  -1.4410   5.0100  -4.3102
 8571.970  Fe2  -4.1510   8.2480  -8.8746
 8573.011  Fe1  -5.1430   3.6400  -7.2276
 8573.563  Fe1  -2.0900   5.7420  -5.3784
 8574.334  Co1  -3.3985   2.7000  -4.9448
 8574.354  Co1  -2.7990   2.7000  -4.3453
 8574.381  Co1  -2.6948   2.7000  -4.2411
 8574.403  Co1  -3.1141   2.7000  -4.6604
 8574.418  Co1  -2.7686   2.7000  -4.3149
 8574.438  Co1  -3.1297   2.7000  -4.6760
 8574.458  Co1  -2.6572   2.7000  -4.2035
 8574.479  Co1  -3.2119   2.7000  -4.7582
 8574.503  Co1  -2.5534   2.7000  -4.0997
 8574.525  Co1  -1.5790   2.7000  -3.1253
 8574.525  Co1  -3.4302   2.7000  -4.9765
 8574.555  Co1  -2.4569   2.7000  -4.0032
 8574.612  Co1  -2.3668   2.7000  -3.9131
 8574.675  Co1  -2.2825   2.7000  -3.8288
 8574.962  Fe2  -2.7990   7.4870  -7.0868
 8575.250  Cl1  -0.2700   8.9900  -5.4186
 8575.276  Co1  -1.4960   2.7870  -3.0921
 8575.364  Ni2  -1.6490  12.9040  -9.0391
 8575.671  Fe2  -4.4020   6.7290  -8.2557
 8576.032  Ca1  -1.8540   4.4410  -4.3974
 8576.500  Fe1  -1.8730   4.5490  -4.4782
 8577.139  Fe2  -4.3930   6.7290  -8.2467
 8578.226  Ni2  -0.8350  13.1430  -8.3620
 8578.400  Ti1  -2.4200   1.7300  -3.4108
 8579.090  Fe1  -3.4350   4.9660  -6.2790
 8579.150  Si1  -1.9600   5.9600  -5.3733
 8579.978  Ni1  -1.5710   5.2800  -4.5949
 8580.026  Fe2  -3.6380   6.8030  -7.5341
 8580.649  Ti2  -3.6290   2.5980  -5.1169
 8580.701  Fe2  -3.5390   8.1310  -8.1956
 8581.103  Fe2  -1.6230  11.4440  -8.1770
 8581.555  Co2   0.5980  10.4880  -5.4085
 8582.270  Fe1  -1.9930   2.9900  -3.7054
 8582.552  Fe2  -3.9110   7.2740  -8.0768
 8582.723  Fe2  -2.6700   6.7300  -6.5243
 8582.932  Cr1   0.2010   5.6710  -3.0468
 8583.142  Fe1  -2.6410   5.8490  -5.9907
 8583.322  Ca1  -0.9860   4.4410  -3.5294
 8583.971  Cu1  -0.9370   5.3500  -4.0010
 8583.973  Cu1  -0.5860   5.3500  -3.6500
 8584.016  Cu1  -0.3640   5.3500  -3.4280
 8584.017  Cu1  -0.7150   5.3500  -3.7790
 8584.820  Fe1  -1.2590   5.0100  -4.1282
 8585.184  Fe2  -2.5010  11.2700  -8.9553
 8585.472  Fe2  -1.1460  11.2070  -7.5643
 8585.960  Cl1   0.0900   8.9500  -5.0357
 8586.200  Ni1  -2.1620   5.4200  -5.2660
 8586.647  Co1  -1.4077   4.1490  -3.7838
 8586.656  Co1  -1.3022   4.1490  -3.6783
 8586.670  Co1  -0.8010   4.1490  -3.1771
 8586.671  Co1  -1.2169   4.1490  -3.5930
 8586.686  Co1  -1.6730   4.1490  -4.0491
 8586.705  Co1  -1.9681   4.1490  -4.3442
 8586.725  Co1  -2.1478   4.1490  -4.5239
 8586.844  Fe2  -2.4980  11.2700  -8.9523
 8587.865  Cr2  -1.5080  10.2760  -7.3931
 8587.942  Fe1  -2.2100   5.0670  -5.1119
 8588.012  Ni2  -1.2860  13.4580  -8.9934
 8588.422  Fe1  -4.3170   2.8580  -5.9538
 8588.669  Ni2  -1.7020  11.7450  -8.4284
 8589.444  Cr2  -5.8550   5.3300  -8.9075
 8589.650  Co1  -1.5570   4.1490  -3.9331
 8589.702  Co1  -0.2460   5.1110  -3.1731
 8589.703  Co1  -0.6831   4.1300  -3.0484
 8589.723  Co1  -0.7509   4.1300  -3.1162
 8589.732   V2  -3.9560   4.6200  -6.6019
 8589.741  Co1  -0.9256   4.1300  -3.2909
 8589.760  Co1  -0.8777   4.1300  -3.2430
 8589.777  Co1  -0.8970   4.1300  -3.2623
 8589.780  Co1   0.1900   4.1300  -2.1753
 8589.788  Co1  -1.1322   4.1300  -3.4975
 8589.803  Co1  -0.6783   4.1300  -3.0436
 8589.818  Co1  -1.1255   4.1300  -3.4908
 8589.834  Co1  -0.4912   4.1300  -2.8565
 8589.853  Co1  -1.1902   4.1300  -3.5555
 8589.891  Co1  -1.3943   4.1300  -3.7596
 8590.566  Mn2  -3.5650   6.8650  -7.4966
 8592.100  Fe1  -2.7790   5.0100  -5.6482
 8592.858  Fe2  -2.2160  11.3030  -8.6892
 8592.970  Fe1  -0.9680   4.9560  -3.8063
 8593.842  Fe2  -1.1520  11.2080  -7.5708
 8594.010   N1  -0.3760  10.6300  -6.4638
 8594.532  Fe2  -0.9140  12.1670  -7.8821
 8594.857  Mn2  -2.5120   5.3910  -5.5994
 8595.247  Fe2  -0.8280  11.1670  -7.2234
 8595.256  Cr2  -3.1480   6.7730  -7.0269
 8595.293  Fe2  -1.4630   9.8490  -7.1035
 8595.522  Ni2  -0.5160  13.1590  -8.0522
 8595.522   V2  -3.4560   4.7040  -6.1500
 8595.865  Ni1  -2.1210   5.2840  -5.1472
 8595.977  Fe1  -3.2270   4.9850  -6.0819
 8596.020  Si1  -1.0400   6.1600  -4.5678
 8596.113  Co1  -0.7080   5.3060  -3.7468
 8596.668  Fe2  -0.1570  12.1870  -7.1365
 8597.000  Si1  -1.3700   6.1600  -4.8978
 8597.277  Fe1  -2.3940   5.2730  -5.4139
 8597.451  Fe2  -1.9900  11.4380  -8.5406
 8598.180  Ti1  -1.8430   2.2600  -3.1373
 8598.507  Fe2  -2.6080  10.3080  -8.5114
 8598.790  Fe1  -1.4280   4.3860  -3.9399
 8598.841  Cr2  -4.1470   6.8220  -8.0540
 8598.919  Ni1  -3.0240   3.8410  -5.2237
 8600.003  Mn1  -1.1760   5.3700  -4.2514
 8600.980  Ti1  -2.7530   1.7300  -3.7438
 8600.980  Ti1  -1.6200   2.2400  -2.9029
 8601.052  Fe1  -1.5900   5.1120  -4.5176
 8601.793  Cr2  -0.3050  12.8480  -7.6631
 8602.052  Mn1  -0.9460   5.7140  -4.2184
 8602.719  Ca1  -2.2410   4.4430  -4.7855
 8602.793  Co2   0.3920  10.7060  -5.7393
 8603.104  Mn1  -2.2650   4.2730  -4.7122
 8603.497  Fe2  -4.1000   6.8070  -7.9984
 8604.229  Cr2  -0.3820  11.7360  -7.1032
 8604.666  Ni1  -1.5630   5.5250  -4.7272
 8604.909  Fe2  -2.9610   6.8070  -6.8594
 8605.036  Ni2  -0.9470  13.4580  -8.6544
 8605.133  Fe2  -0.6630  12.1870  -7.6425
 8606.386  Ni1  -0.3620   5.2840  -3.3882
 8607.025  Ti1  -2.6760   1.7390  -3.6719
 8607.080  Fe1  -1.2460   5.0100  -4.1152
 8607.296  Cr2  -0.8080  10.2960  -6.7045
 8607.861  Fe2  -2.0750  11.2550  -8.5208
 8608.178  Ca1  -1.1220   4.4430  -3.6665
 8609.506  Fe2   0.4410  12.3160  -6.6124
 8610.620  Fe1  -3.4840   4.4350  -6.0239
 8611.307  Mn2   0.2870  12.5850  -6.9204
 8611.374  Mn2  -6.9980   3.9380  -9.2533
 8611.597  Fe2  -3.6450   7.1280  -7.7272
 8611.810  Fe1  -1.6080   2.8450  -3.2373
 8611.811  Co1  -1.4680   4.1130  -3.8235
 8612.360  Mn2  -0.2030  12.5850  -7.4104
 8612.910  Ti1  -2.9690   1.7300  -3.9598
 8613.355   V2  -3.1120   4.6330  -5.7653
 8613.930  Fe1  -1.3840   4.9880  -4.2406
 8616.270  Fe1  -0.4050   4.9130  -3.2187
 8616.842  Fe2  -3.3970   7.4940  -7.6888
 8617.104  Ni2  -1.5530  11.6630  -8.2324
 8618.039  Fe1  -5.0620   2.8450  -6.6913
 8618.047  Ti1  -0.6670   3.7090  -2.7911
 8618.144  Fe1  -1.8760   4.9560  -4.7143
 8618.440  Ti1  -2.4810   2.2300  -3.7581
 8618.551  Ti1  -1.5950   2.2390  -2.8773
 8619.348  Ni2  -0.7260  14.2680  -8.8973
 8619.481  Mn2  -2.5890   6.9060  -6.5441
 8619.993  Fe2  -4.6250   7.4940  -8.9168
 8620.083  Ni1  -1.4490   5.2880  -4.4774
 8621.610  Fe1  -2.0240   2.9490  -3.7129
 8622.321  Ni2   0.5710  14.2690  -7.6009
 8622.582  Ti1  -2.9510   1.7490  -3.9527
 8623.995  Cr2  -3.8610   6.7470  -7.7250
 8624.084  Mn2   0.2410  12.5850  -6.9664
 8625.141  Mn2  -0.3930  12.5850  -7.6004
 8628.380  Fe2  -4.4000   6.1380  -7.9152
 8629.240   N1   0.0270  10.6400  -6.0665
 8629.293  Ti1  -0.5280   3.7160  -2.6562
 8630.754  Fe2  -4.7720   6.2170  -8.3325
 8632.350  Co2   0.5770  10.5980  -5.4925
 8632.420  Fe1  -1.9580   4.1030  -4.3078
 8632.581  Fe2  -1.6620  12.4600  -8.7979
 8633.577  Fe2  -8.4310   3.7680 -10.5889
 8633.933  Ca1  -0.8100   4.4510  -3.3591
 8633.975  Fe2  -2.2610  11.5910  -8.8992
 8634.232  Fe2  -5.9050   4.1540  -8.2840
 8634.710  Fe1  -3.0050   4.2180  -5.4207
 8636.260  Cr1  -2.7470   2.7000  -4.2933
 8636.333  Ti1  -0.2470   3.7240  -2.3797
 8636.451  Ni2  -1.2220  13.0800  -8.7129
 8636.510  Fe1  -3.0490   4.5800  -5.6720
 8636.587  Fe2   0.6900  12.2860  -6.3462
 8637.040  Ni1  -2.1450   3.8300  -4.3384
 8638.183  Cr2  -0.0770  11.7190  -6.7885
 8639.623  Cr2  -0.6250  10.2760  -6.5101
 8640.378  Mn2  -2.4700   6.8340  -6.3838
 8640.700  Al2  -0.0180  11.7700  -6.7587
 8640.718  Fe2  -3.0120   9.9620  -8.7172
 8641.573  Cr2  -4.1200   4.7450  -6.8375
 8641.696  Fe2  -3.1090   6.2190  -6.6706
 8643.030  Cr1  -2.7320   2.7000  -4.2783
 8643.290  Fe1  -2.3100   4.9130  -5.1237
 8644.046  Fe2  -0.8500  12.4600  -7.9859
 8645.355  Fe1  -2.6110   5.7540  -5.9063
 8647.792  Mn2  -2.4890   6.8340  -6.4028
 8647.807  Fe1  -1.5190   5.7200  -4.7949
 8648.643  Co1  -3.8523   2.2800  -5.1581
 8648.703  Co1  -4.0675   2.2800  -5.3733
 8648.716  Ca1  -2.0240   4.5540  -4.6321
 8648.750  Co1  -3.2850   2.2800  -4.5908
 8648.765  Mn2  -2.7350   5.4000  -5.8276
 8648.989  Ti2  -1.1100   8.9220  -6.2196
 8649.600  Na1  -1.8100   3.1800  -3.6312
 8649.760  Mn2  -3.7800   6.8650  -7.7116
 8649.969  Co2  -0.5190  10.6130  -6.5971
 8651.460  Fe2  -0.2080  12.1870  -7.1875
 8652.298  Cr1  -2.4840   3.3690  -4.4134
 8652.500  Fe1  -2.3010   4.1540  -4.6800
 8652.702  Ni2  -1.2940  11.7450  -8.0204
 8653.016  Fe2  -2.4680  11.2550  -8.9138
 8653.608  Ni2  -1.1450  13.4850  -8.8679
 8654.050  Fe1  -2.8210   4.9660  -5.6650
 8654.380  Ne1   0.5400  18.6200 -10.1237
 8654.400  Fe1  -3.8140   3.3010  -5.7045
 8654.630  Mn1  -0.3430   5.6500  -3.5788
 8655.848  Co1  -1.2710   5.1110  -4.1981
 8655.880   N1  -0.6500  10.6400  -6.7435
 8656.670  Fe1  -2.1620   5.0200  -5.0370
 8656.678  Fe2  -2.7070  10.3080  -8.6104
 8659.380  Mn1  -0.6260   5.6700  -3.8732
 8660.103  Fe2  -7.8200   3.3870  -9.7597
 8660.684  Fe2  -2.3250  11.3540  -8.8274
 8660.804  Fe2  -1.6590  11.2190  -8.0841
 8661.010  Co1  -3.5567   2.7180  -5.1133
 8661.075  Co1  -2.8290   2.7180  -4.3856
 8661.079  Co1  -3.6373   2.7180  -5.1939
 8661.097  Co1  -3.3683   2.7180  -4.9249
 8661.910  Fe1  -1.3440   2.2230  -2.6171
 8662.140  Ca2  -0.7530   1.6900  -1.7209
 8663.237  Ca1  -1.2430   6.0460  -4.7056
 8663.730  Fe1  -1.1590   4.9880  -4.0156
 8664.435  Fe2  -4.2930   6.2230  -7.8569
 8664.622  Ti1  -3.0960   1.7490  -4.0977
 8664.626  Mn1  -0.9170   5.7140  -4.1894
 8666.211  Mn1  -1.0290   5.7240  -4.3071
 8666.714  Fe2  -1.0590  12.2060  -8.0494
 8666.806  Fe1  -2.8880   4.5800  -5.5110
 8667.370  Fe1  -4.2450   2.4530  -5.6498
 8667.400  Si1  -2.0200   5.9400  -5.4218
 8667.850  Fe1  -3.0280   5.2730  -6.0479
 8667.940  Ar1  -1.0220  11.6700  -7.7054
 8668.930  Fe1  -2.7260   4.1910  -5.1262
 8670.190   S1  -0.8900   7.8300  -5.3743
 8670.390  Fe2  -0.5710  12.2060  -7.5614
 8670.650   S1  -0.5300   7.8300  -5.0142
 8670.771  Mn1  -1.1530   4.4100  -3.6786
 8670.868  Mn1  -1.5175   4.4100  -4.0431
 8670.920  Mn1  -0.7270   4.4100  -3.2526
 8670.941  Mn1  -2.0615   4.4100  -4.5871
 8671.007  Mn1  -1.6144   4.4100  -4.1400
 8671.080  Mn1  -1.5175   4.4100  -4.0431
 8671.129  Mn1  -1.6302   4.4100  -4.1558
 8671.370   S1  -0.6400   7.8300  -5.1243
 8671.420  Ni2  -1.0850  13.1590  -8.6212
 8671.578  Mn2  -2.9570   6.8340  -6.8708
 8671.860  Fe1  -1.2740   5.0200  -4.1490
 8671.884  Fe2  -2.7880   6.1380  -6.3032
 8671.904  Mn1  -1.1319   4.4100  -3.6575
 8671.973  Mn1  -1.6090   4.4100  -4.1346
 8672.001  Mn1  -1.6090   4.4100  -4.1346
 8672.060  Mn1  -0.5810   4.4100  -3.1066
 8672.069  Mn1  -1.6812   4.4100  -4.2068
 8672.121  Mn1  -1.5072   4.4100  -4.0328
 8672.143  Mn1  -1.5072   4.4100  -4.0328
 8672.229  Mn1  -1.6390   4.4100  -4.1646
 8672.243  Mn1  -1.6390   4.4100  -4.1646
 8672.277  Mn1  -2.0070   4.4100  -4.5326
 8673.624  Cr2   0.2070  11.7470  -6.5205
 8673.796  Mn1  -1.2719   4.4100  -3.7975
 8673.862  Mn1  -1.9611   4.4100  -4.4867
 8673.959  Mn1  -1.4840   4.4100  -4.0096
 8673.970  Mn1  -0.7570   4.4100  -3.2826
 8674.012  Mn1  -1.8150   4.4100  -4.3406
 8674.052  Mn1  -2.5352   4.4100  -5.0608
 8674.085  Mn1  -1.7570   4.4100  -4.2826
 8674.125  Mn1  -1.8362   4.4100  -4.3618
 8674.151  Mn1  -2.3591   4.4100  -4.8847
 8674.174  Mn1  -2.1672   4.4100  -4.6928
 8674.200  Mn1  -1.9911   4.4100  -4.5167
 8674.214  Mn1  -2.3133   4.4100  -4.8389
 8674.750  Fe1  -1.4600   2.8320  -3.0819
 8674.920  Al2  -0.4300  16.4700  -9.8624
 8674.920  Al2  -1.3900  16.4700 -10.8224
 8674.936  Co1  -2.1148   4.2590  -4.5539
 8675.009  Co1  -2.0689   4.2590  -4.5080
 8675.039  Co1  -1.2860   4.2590  -3.7251
 8675.101  Co1  -1.8537   4.2590  -4.2928
 8675.380  Ti1  -1.6130   1.0600  -2.2201
 8675.403  Fe2  -3.2520   7.4940  -7.5438
 8675.781  Fe1  -4.9240   3.6420  -7.0098
 8675.790  Fe1  -2.0900   4.9880  -4.9466
 8678.536  Fe2   0.7340  12.7190  -6.5502
 8678.579  Co1  -1.0790   5.2410  -4.0805
 8678.598  Fe2  -2.7960   7.4940  -7.0878
 8678.927  Fe1  -4.6080   2.4530  -6.0128
 8679.000   S1  -1.0000   7.8300  -5.4843
 8679.337  Fe2  -2.0910  11.4600  -8.6542
 8679.610  Fe1  -1.4450   4.9660  -4.2890
 8679.700   S1  -0.4100   7.8300  -4.8943
 8679.701  Mn1  -1.4180   5.3840  -4.5014
 8679.960  Fe1  -4.3000   3.0180  -6.0284
 8680.079  Si1  -3.2000   5.8600  -6.5560
 8680.240   N1   0.2360  10.2900  -5.6571
 8680.343  Ti1  -0.9810   3.7240  -3.1137
 8680.470   S1  -0.2300   7.8300  -4.7143
 8680.770  Fe1  -2.4130   4.1860  -4.8103
 8681.190  Fe1  -2.6010   5.3140  -5.6443
 8681.313  Ti1  -2.7890   2.2500  -4.0776
 8681.593  Cr1  -1.9500   4.4110  -4.4762
 8682.583  Ni1  -2.1430   5.3630  -5.2144
 8682.990  Ti1  -1.6900   1.0460  -2.2890
 8683.101   V2  -1.6990   5.5370  -4.8700
 8683.259  Fe2  -4.3500   6.2260  -7.9156
 8683.380   N1  -0.0450  10.2900  -5.9381
 8683.524  Cr2  -5.6510   5.3300  -8.7035
 8683.690  Mn2   0.2480  10.7740  -5.9223
 8684.224  Ti1  -3.1180   1.7340  -4.1111
 8684.399  Fe2  -3.3820   7.7030  -7.7935
 8685.055  Cr2  -3.0250   6.7570  -6.8947
 8685.672  Ti1  -0.7920   3.7160  -2.9202
 8686.029  Ti2  -0.8010   8.8960  -5.8957
 8686.130   N1  -0.4480  10.2800  -6.3354
 8686.255  Fe2  -2.4170  11.5910  -9.0552
 8686.280  Cl1  -0.7500   9.1600  -5.9959
 8686.300  Cr2  -0.7410  11.6270  -7.3998
 8686.625  Cr2  -0.3070  10.3210  -6.2178
 8686.770  Fe1  -2.1380   4.9880  -4.9946
 8687.230  Fe1  -5.6310   2.7280  -7.1933
 8687.508  Cr1  -1.8540   3.3750  -3.7869
 8688.630  Fe1  -0.9810   2.1760  -2.2272
 8689.710  Fe1  -3.8380   3.0470  -5.5830
 8689.857  Fe1  -0.9480   5.1060  -3.8722
 8689.891  Fe2  -1.4000  11.4600  -7.9632
 8690.083   V1  -0.8710   3.3150  -2.7695
 8691.572  Cr2  -0.7710  10.2610  -6.6475
 8692.340  Ti1  -2.2390   1.0400  -2.8346
 8692.985  Fe1  -2.0970   5.7420  -5.3854
 8693.151  Fe2  -0.2080  12.2830  -7.2425
 8693.213  Fe1  -4.1770   4.5840  -6.8023
 8693.240   S1  -1.3800   7.8400  -5.8700
 8693.288  Fe2  -1.7230  12.1870  -8.7025
 8693.980   S1  -0.5200   7.8400  -5.0100
 8694.700   S1   0.0500   7.8400  -4.4400
 8695.190  Fe2  -2.7940   9.9620  -8.4992
 8695.208  Mn2   0.5770   9.2440  -4.7170
 8696.261  Fe2  -2.0520  12.2210  -9.0510
 8696.327  Fe2  -1.9370  12.0890  -8.8604
 8696.749  Fe2  -1.9910  11.2890  -8.4562
 8698.110  Fe2  -0.6870  11.2700  -7.1413
 8698.710  Fe1  -3.4830   2.9900  -5.1954
 8698.980  Mn1  -1.4759   4.4100  -4.0015
 8699.048  Mn1  -2.1651   4.4100  -4.6907
 8699.117  Mn1  -1.6880   4.4100  -4.2136
 8699.130  Mn1  -0.9610   4.4100  -3.4866
 8699.172  Mn1  -2.0190   4.4100  -4.5446
 8699.213  Mn1  -2.7392   4.4100  -5.2648
 8699.224  Mn1  -1.9610   4.4100  -4.4866
 8699.265  Mn1  -2.0402   4.4100  -4.5658
 8699.277  Fe1  -3.3900   4.2180  -5.8057
 8699.294  Mn1  -2.1556   4.4100  -4.6812
 8699.326  Mn1  -2.1951   4.4100  -4.7207
 8699.340  Mn1  -2.5173   4.4100  -5.0429
 8699.430  Fe1  -0.3600   4.9560  -3.1983
 8700.340  Fe1  -2.9380   4.9560  -5.7763
 8700.882  Mn1  -1.0589   4.4100  -3.5845
 8700.949  Mn1  -1.5360   4.4100  -4.0616
 8701.017  Mn1  -1.3221   4.4100  -3.8477
 8701.070  Mn1  -1.3733   4.4100  -3.8989
 8701.124  Mn1  -1.6531   4.4100  -4.1787
 8701.164  Fe2  -0.8340  12.1670  -7.8021
 8701.164  Mn1  -1.3679   4.4100  -3.8935
 8701.205  Mn1  -2.1002   4.4100  -4.6258
 8701.231  Mn1  -1.4702   4.4100  -3.9958
 8701.272  Mn1  -1.7323   4.4100  -4.2579
 8702.490  Ni1  -3.6040   2.7300  -5.1675
 8702.586  Fe1  -3.3980   4.9660  -6.2420
 8703.240   N1  -0.4120  10.2800  -6.2994
 8703.263  Fe2  -2.7250  11.1850  -9.1307
 8703.569  Mn1  -0.8953   4.4100  -3.4209
 8703.642  Mn1  -1.8129   4.4100  -4.3385
 8703.710  Mn1  -1.0304   4.4100  -3.5560
 8703.770  Mn1  -1.6369   4.4100  -4.1625
 8703.824  Mn1  -1.1792   4.4100  -3.7048
 8703.872  Mn1  -1.6113   4.4100  -4.1369
 8703.913  Mn1  -1.3492   4.4100  -3.8748
 8703.949  Mn1  -1.6782   4.4100  -4.2038
 8703.976  Mn1  -1.5606   4.4100  -4.0862
 8704.000  Mn1  -1.8543   4.4100  -4.3799
 8704.014  Mn1  -1.8843   4.4100  -4.4099
 8704.028  Fe2  -3.9160   7.7060  -8.3292
 8705.458  Ca1  -2.2650   4.5310  -4.8599
 8705.791  Ni1  -2.4930   5.3030  -5.5300
 8706.635  Cr2  -0.8430  10.2760  -6.7281
 8707.420  Cr1  -3.0650   2.7000  -4.6113
 8707.704  Cr2  -0.8890  10.2960  -6.7855
 8707.950  Cr1  -0.5390   4.3700  -3.0417
 8707.954  Cr2  -0.1600  11.6500  -6.8320
 8709.562  Ca1  -1.9110   4.5320  -4.5065
 8710.026  Fe2  -2.5940  11.5800  -9.2259
 8710.261  Mn1  -1.9090   4.2730  -4.3562
 8710.290  Fe1   0.2700   4.9130  -2.5437
 8710.392  Fe1  -0.6460   4.9130  -3.4597
 8710.814  Ca1  -2.4070   4.5320  -5.0025
 8710.820  Ba2   0.8590   5.7000  -2.4054
 8711.399  Ti2  -1.2570   7.8320  -5.7424
 8711.690   N1  -0.3370  10.2900  -6.2301
 8712.689  Mg1  -1.3700   5.9300  -4.7661
 8713.190  Fe1  -0.9040   4.9880  -3.7606
 8713.190  Fe1  -3.1820   2.9490  -4.8709
 8713.313  Mn2   0.1010  10.7790  -6.0721
 8713.419  Cr2   0.1650  11.6770  -6.5224
 8713.677  Fe2  -3.7580   6.8070  -7.6564
 8714.277  Ti2  -0.6730   8.8760  -5.7563
 8714.277  Cr2  -2.4310   6.7920  -6.3208
 8715.744  Fe1  -5.1310   3.6420  -7.2168
 8716.086  Cr1  -1.8640   4.4160  -4.3930
 8716.583  Ni1  -1.6560   5.3030  -4.6930
 8717.473  Fe1  -3.0760   5.3340  -6.1308
 8717.644  Fe2  -0.6960  12.1870  -7.6755
 8717.825  Mg1  -0.9300   5.9300  -4.3261
 8718.322  Fe2  -2.1170  11.3070  -8.5925
 8718.450  Fe2  -1.2130  12.2060  -8.2034
 8718.700  Cr1  -0.7840   4.3800  -3.2924
 8718.820   N1  -0.4330  10.2900  -6.3261
 8719.560  Ti1  -2.5840   1.7300  -3.5748
 8720.138  Cr2  -3.0970   6.7470  -6.9610
 8720.683  Fe2  -3.5170   6.7240  -7.3678
 8722.346  Fe2  -0.3830   9.8490  -6.0235
 8722.459  Fe2   0.8620  12.1670  -6.1061
 8722.776  Ca1  -1.6340   4.5350  -4.2312
 8723.296  Co2   0.5950  10.5980  -5.4745
 8724.514  Co2  -4.3730   5.0550  -7.2680
 8725.006  Ca1  -0.8070   4.6240  -3.4552
 8725.046  Ca1  -2.4000   4.5350  -4.9972
 8726.410  Fe2  -2.6210  11.4380  -9.1716
 8727.100  Fe1  -3.9300   4.1860  -6.3273
 8727.396  Fe2  -3.0210  10.3290  -8.9364
 8727.613  Ca2  -1.3750   9.6750  -6.9159
 8727.613  Ca2  -2.6760   9.6750  -8.2169
 8728.520  Mn2  -3.1080   5.3910  -6.1954
 8728.528  Ca2  -1.5300   9.6750  -7.0709
 8728.880   N1  -1.1640  10.2900  -7.0571
 8729.120  Fe1  -2.9540   3.4150  -4.9098
 8729.321  Ti2  -0.7650   8.8600  -5.8391
 8729.725  Mn1  -0.9490   5.7240  -4.2271
 8730.296  Fe2  -2.5060  11.6640  -9.1860
 8731.692  Mn2  -0.1210  10.7820  -6.2959
 8732.170  Cr1  -1.2730   4.3900  -3.7872
 8732.738  Fe2  -0.0910  12.2210  -7.0900
 8732.821  Fe2  -0.8820  12.4600  -8.0179
 8733.278  Co1  -0.3350   5.3080  -3.3749
 8734.429  Mn1  -1.9463   4.4200  -4.4776
 8734.556  Mn1  -2.0858   4.4200  -4.6171
 8734.600  Mn1  -1.3790   4.4200  -3.9103
 8734.605  Mn1  -2.6879   4.4200  -5.2192
 8734.659  Mn1  -2.2442   4.4200  -4.7755
 8734.698  Mn1  -2.6623   4.4200  -5.1936
 8734.700  Ti1  -2.0870   1.0500  -2.6883
 8734.739  Mn1  -2.4282   4.4200  -4.9595
 8734.769  Mn1  -2.7292   4.4200  -5.2605
 8734.792  Mn1  -2.6116   4.4200  -5.1429
 8736.423  Fe2   0.5000   7.6930  -3.9058
 8737.069  Mn1  -1.2095   4.4350  -3.7494
 8737.129  Mn1  -2.2007   4.4350  -4.7406
 8737.142  Mn1  -2.2007   4.4350  -4.7406
 8737.201  Mn1  -1.3799   4.4350  -3.9198
 8737.251  Mn1  -2.0191   4.4350  -4.5590
 8737.262  Mn1  -0.6000   4.4350  -3.1399
 8737.262  Mn1  -2.0191   4.4350  -4.5590
 8737.310  Ti1  -1.0670   3.7200  -3.1974
 8737.312  Mn1  -1.5646   4.4350  -4.1045
 8737.354  Mn1  -1.6870   4.4350  -4.2269
 8737.399  Mn1  -1.7572   4.4350  -4.2971
 8737.431  Mn1  -1.7515   4.4350  -4.2914
 8737.453  Co2   0.6630  10.4170  -5.3028
 8737.465  Mn1  -1.9319   4.4350  -4.4718
 8737.486  Mn1  -1.9502   4.4350  -4.4901
 8737.509  Mn1  -1.9960   4.4350  -4.5359
 8737.740  Ba2   0.8060   5.6700  -2.4412
 8738.049  Ni1  -2.1160   5.3630  -5.1874
 8738.156  Ni2  -1.3620  12.9310  -8.7676
 8740.349  Fe2  -0.0680  12.2830  -7.1025
 8740.710  Mn1  -0.6571   4.4200  -3.1884
 8740.792  Mn1  -1.7527   4.4200  -4.2840
 8740.852  Mn1  -0.7615   4.4200  -3.2928
 8740.923  Mn1  -1.5652   4.4200  -4.0965
 8740.973  Mn1  -0.8694   4.4200  -3.4007
 8741.032  Mn1  -1.5268   4.4200  -4.0581
 8741.072  Mn1  -0.9881   4.4200  -3.5194
 8741.119  Mn1  -1.5822   4.4200  -4.1135
 8741.149  Mn1  -1.1184   4.4200  -3.6497
 8741.185  Mn1  -1.7697   4.4200  -4.3010
 8741.204  Mn1  -1.2592   4.4200  -3.7905
 8741.350  Cr2  -4.9800   4.7450  -7.6975
 8742.497  Fe2  -1.3380  11.2700  -7.7923
 8742.600  Si1  -0.6300   5.8500  -3.9803
 8743.487  Fe1  -2.3330   5.2730  -5.3529
 8743.552  Cr1  -2.4640   3.3680  -4.3929
 8744.218  Fe2  -1.5490  11.2700  -8.0033
 8745.433  Cr2  -5.8340   5.3300  -8.8865
 8745.578  Co1  -2.0060   4.1750  -4.3970
 8746.305  Cr1  -1.8900   4.6130  -4.5319
 8746.686  Fe2  -3.8540   6.2190  -7.4156
 8747.320  Fe1  -3.3940   3.0180  -5.1224
 8747.323  Ni2  -0.0560  13.4360  -7.7508
 8747.350   N1  -1.4380  10.2900  -7.3311
 8747.423  Fe1  -3.3580   3.0180  -5.0864
 8748.981  Fe2  -7.8530   3.9440 -10.1117
 8749.007  Mn1  -1.6660   5.3960  -4.7563
 8749.035  Fe2  -2.8840   7.6950  -7.2909
 8749.559  Fe2  -2.4480  11.6530  -9.1217
 8749.958  Fe1  -2.4350   5.0670  -5.3369
 8749.995  Cr2  -3.2860   7.7720  -7.7370
 8750.130  Co1  -0.1420   5.2200  -3.1315
 8751.180  Si1  -1.9500   5.8500  -5.3003
 8752.326  Fe2  -2.7590   6.7290  -6.6127
 8752.459  Fe2  -2.5180  11.3870  -9.0393
 8753.080   C1  -2.0200   9.0000  -7.1743
 8753.519  Cr1  -2.0540   3.3690  -3.9834
 8754.051  Fe2  -3.1590   8.7180  -8.1518
 8755.750  Fe1  -1.8730   5.3480  -4.9358
 8757.190  Fe1  -1.7100   2.8450  -3.3393
 8757.361  Cr2  -0.1820  10.3210  -6.0928
 8757.740  Fe1  -3.5980   5.0120  -6.4684
 8759.858  Fe2  -2.5640  11.4930  -9.1461
 8760.922  Cr2  -0.6290  10.2960  -6.5255
 8761.440  Ti1  -2.7460   1.7300  -3.7368
 8761.644  Mn2  -0.3490  12.7310  -7.6401
 8761.850  Fe1  -2.9200   4.5800  -5.5430
 8762.499  Ni1  -2.3360   5.3630  -5.4074
 8762.521  Fe2  -4.1340   7.6970  -8.5421
 8763.433  Ti2  -4.5120   4.0090  -6.8080
 8763.681  Ti1  -3.1460   1.8790  -4.2221
 8764.000  Fe1  -1.8210   4.6520  -4.4852
 8764.272  Fe2  -0.8910  12.2210  -7.8900
 8764.855  Cr2  -0.8250  10.2530  -6.6969
 8766.007  Fe2  -0.3270  12.2060  -7.3174
 8766.640  Ti1  -2.0980   1.0600  -2.7051
 8767.030  Cr1  -1.1960   4.4160  -3.7250
 8767.061  Ni2  -0.5450  13.4850  -8.2679
 8767.922  Mn1  -0.7860   5.7140  -4.0584
 8768.778  Ni1  -0.6620   5.3630  -3.7334
 8769.175  Mn2   0.4910   9.2440  -4.8030
 8770.680  Ni1  -3.0450   2.7300  -4.6085
 8771.260  Fe1  -2.7890   5.3140  -5.8323
 8771.704  Fe2  -2.9100   9.9410  -8.6032
 8771.840  Fe1  -2.7430   4.9850  -5.5979
 8772.876  Al1  -0.2700   4.0000  -2.5608
 8773.560  Cr1  -1.0300   4.3900  -3.5442
 8773.907  Al1  -0.1100   4.0000  -2.4008
 8773.910  Al1  -1.3200   4.0000  -3.6108
 8775.048  Fe2  -3.1010   7.7170  -7.5205
 8775.068  Fe2  -8.8390   3.4250 -10.8005
 8775.164  Cr2  -0.5280  11.6270  -7.1868
 8775.611  Fe2  -0.8500  11.2380  -7.2860
 8775.703  Cr1  -1.9070   4.6180  -4.5517
 8776.088  Cr2  -6.2590   4.7500  -8.9793
 8777.475  Co2   0.5290  10.4880  -5.4775
 8778.660  Ti1  -2.3950   1.7400  -3.3915
 8779.120  Fe1  -2.6760   4.2310  -5.0991
 8779.576  Fe1  -4.4680   4.2090  -6.8785
 8780.090  Fe1  -2.9000   4.5840  -5.5253
 8780.149  Ti1  -3.0590   1.8730  -4.1317
 8780.605  Ca2  -1.3950  10.1040  -7.1816
 8780.747  Si1  -1.9700   6.2200  -5.5322
 8780.852  Cr2  -4.0730   6.4870  -7.7881
 8781.253  Cr2  -2.6840   6.7730  -6.5629
 8781.376  Ca1  -1.0690   5.9280  -4.4640
 8782.572  Cr2  -3.0700   6.7570  -6.9397
 8783.282  Fe1  -3.1780   5.3860  -6.2626
 8784.116  Cr1  -1.5610   4.4190  -4.0918
 8784.123  Mn2  -2.6320   5.4000  -5.7246
 8784.409  Cr2  -0.4490  10.2610  -6.3255
 8784.440  Fe1  -1.3930   4.9560  -4.2313
 8784.774  Fe1  -5.1360   2.6920  -6.6777
 8786.872  Ti2   0.1610   8.8600  -4.9131
 8786.960  Cr1  -1.1700   4.3800  -3.6784
 8787.331  Fe2  -2.5570  10.3290  -8.4724
 8787.884  Cr2  -5.7880   4.7450  -8.5055
 8788.424   V2  -3.2250   4.7350  -5.9367
 8789.310  Fe1  -3.1120   4.6070  -5.7504
 8789.560  Cr1  -2.6510   3.3750  -4.5839
 8790.519  Fe1  -0.6190   4.9880  -3.4756
 8790.565  Ni2  -1.3890  11.6630  -8.0684
 8790.620  Fe1   0.0900   4.9880  -2.7666
 8791.467  Ca1  -1.0230   4.6240  -3.6712
 8792.076  Fe2   0.1880  12.3460  -6.8826
 8792.456  Fe1  -3.1120   5.3410  -6.1708
 8792.590  Fe1  -3.8770   4.0760  -6.2113
 8793.380  Fe1  -0.2190   4.5840  -2.8443
 8794.400  Ti1  -0.7350   4.3000  -3.1976
 8794.694  Fe2  -2.5740  11.4380  -9.1246
 8796.258  Ca2  -1.1410  10.1070  -6.9293
 8796.258  Ca2  -2.0950  10.1070  -7.8833
 8796.420  Fe1  -1.4720   4.9560  -4.3103
 8796.768  Mn1  -0.8710   5.6960  -4.1331
 8797.260  Fe1  -3.3560   4.5800  -5.9790
 8798.050  Fe1  -2.1200   4.9850  -4.9749
 8798.627  Mn1  -1.1460   5.5790  -4.3411
 8801.531  Cr2  -0.8490  11.6220  -7.5049
 8801.710  Co2   0.5210  10.7060  -5.6103
 8801.764  Cr2  -4.0010   6.6410  -7.8043
 8804.134  Fe2  -3.8420   6.2190  -7.4036
 8804.620  Fe1  -3.2110   2.2790  -4.5162
 8805.210  Fe1  -2.2930   4.9130  -5.1067
 8805.391  Fe1  -2.3120   5.3480  -5.3748
 8806.703  Mg1   0.0000   4.3460  -2.4890
 8806.736  Mg1   0.0000   4.3460  -2.4890
 8806.761  Ca1  -2.0450   4.5540  -4.6531
 8806.768  Mg1   0.0000   4.3460  -2.4890
 8807.781  Co2  -3.0200   5.0680  -5.9224
 8808.170  Fe1  -1.0100   5.0100  -3.8792
 8808.700  Fe1  -3.8730   4.5800  -6.4960
 8808.783  Cr1  -1.6420   4.4160  -4.1710
 8808.953  Fe2  -0.0080  12.2060  -6.9984
 8809.470  Ni1  -1.2810   3.8800  -3.5031
 8809.826  Fe2  -2.7670   6.7240  -6.6178
 8810.126  Co2  -0.2760  10.7790  -6.4491
 8810.556  Fe2  -4.0000   7.6930  -8.4058
 8810.991  Fe2  -3.0540   6.8070  -6.9524
 8811.942  Fe2  -8.4210   3.3870 -10.3607
 8812.889  Fe2  -2.6970  11.3070  -9.1725
 8812.890  Cr2  -5.3280   4.7560  -8.0518
 8813.381  Fe2   0.5290  12.2210  -6.4700
 8814.510  Fe1  -1.0030   5.0670  -3.9049
 8815.024  Fe2  -2.4090   9.8490  -8.0495
 8815.413  Fe2  -3.5480   7.7060  -7.9612
 8816.860  Fe1  -1.3130   4.9880  -4.1696
 8817.204  Fe2  -2.1650  12.2830  -9.1995
 8817.204  Co2   0.3560  10.7790  -5.8171
 8818.396  Fe2  -0.4520  12.3160  -7.5054
 8819.110  Co1  -0.0120   5.1300  -2.9500
 8819.390  Ti1  -3.2340   1.0600  -3.8411
 8819.420  Fe1  -3.7080   4.9880  -6.5646
 8819.480  Fe1  -1.9200   5.0100  -4.7892
 8819.584  Mn2   0.3470   9.2440  -4.9470
 8819.996  Fe2  -1.9210  11.3090  -8.3977
 8820.059  Mn1  -1.1600   5.5990  -4.3666
 8820.507  Fe2  -4.4310   7.7070  -8.8448
 8820.558  Fe1  -3.5700   5.1060  -6.4942
 8821.140  Ti1  -2.8720   1.7400  -3.8685
 8822.355  Cr2  -3.6080   6.8220  -7.5150
 8822.994  Cr2  -4.7060   4.7500  -7.4263
 8823.384  Fe2  -4.0530   7.6950  -8.4599
 8824.230  Fe1  -1.3640   2.1980  -2.6228
 8824.452  Fe1  -3.9620   4.5840  -6.5873
 8824.746  Cr1  -1.8350   4.6160  -4.4786
 8824.964  Co2   0.3620  10.5600  -5.6857
 8825.086  Fe2  -3.4760   7.6950  -7.8829
 8825.206  Cr2  -3.7410   6.8690  -7.6749
 8825.237  Ti2   0.2740   8.8760  -4.8093
 8827.373  Fe2   0.7270  12.1870  -6.2525
 8827.402  Fe1  -3.3950   5.3200  -6.4418
 8827.738  Fe2  -3.6570   6.2230  -7.2209
 8827.855  Mn1  -2.3560   4.3200  -4.8301
 8828.080  Fe1  -1.9550   4.9560  -4.7933
 8828.244  Fe2  -1.8110  11.2910  -8.2774
 8828.311  Fe2  -4.5080   6.7240  -8.3588
 8828.526  Cr2  -1.2980  10.2960  -7.1945
 8828.850  Fe2  -2.5350   9.9050  -8.2076
 8828.869  Co2  -0.0770  12.0880  -6.9998
 8828.910  Al1  -1.8900   4.0700  -4.2209
 8829.118  Fe2  -0.3860  12.4910  -7.5396
 8829.446  Fe2  -2.2630  11.5910  -8.9012
 8829.836  Cr2  -0.1910  10.2960  -6.0875
 8832.004  Fe1  -3.0950   5.0700  -5.9986
 8832.340  Cr2  -0.4480  11.6500  -7.1200
 8832.960  Fe1  -3.4970   4.9660  -6.3410
 8833.963  Fe2   0.5880  12.2060  -6.4024
 8834.040  Fe1  -2.3210   4.2180  -4.7367
 8835.197  Co1  -2.0930   4.1490  -4.4691
 8835.384  Mn2  -2.3390   6.8650  -6.2706
 8835.670  Cr1  -2.2390   3.0700  -3.9972
 8835.850   Y2  -2.0000   1.8300  -3.0480
 8836.173  Sc2  -0.3420   7.9810  -4.9127
 8836.396  Ca1  -0.9440   5.1810  -3.9112
 8837.610  Mn2  -3.9540   6.9060  -7.9091
 8837.773  Fe2  -1.0310  11.2070  -7.4493
 8838.415  Ti2   0.5170   8.9200  -4.5915
 8838.430  Fe1  -1.6660   2.8580  -3.3028
 8838.626  Ti2   0.4010   8.8960  -4.6937
 8838.808  Fe2  -4.2080   7.6970  -8.6161
 8838.915  Cr2  -0.3430  10.2530  -6.2149
 8839.655  Ca1  -1.3350   4.4300  -3.8721
 8839.779  Fe1  -1.8040   5.0670  -4.7059
 8840.275  Mn1  -1.5310   5.6110  -4.7444
 8840.338  Ni1  -0.5080   5.5250  -3.6722
 8841.260  Al1  -1.5900   4.0700  -3.9209
 8841.524  Fe1  -3.3320   5.3410  -6.3908
 8842.119  Fe2  -2.4330  11.6810  -9.1227
 8842.457  Mn1  -1.4530   5.5990  -4.6596
 8842.612  Ca1  -0.6790   4.4300  -3.2161
 8842.691  Cr1  -2.0320   4.4110  -4.5582
 8843.074  Sc2  -0.3020   8.0150  -4.8922
 8843.137  Mn2  -3.0380   6.8650  -6.9696
 8844.702  Cr2  -3.7260   6.4840  -7.4394
 8845.077  Cr2  -0.8070  11.6720  -7.4916
 8846.062  Fe1  -2.2370   5.3140  -5.2803
 8846.642  Fe2  -2.3070  11.2080  -8.7258
 8846.820  Fe1  -0.7160   5.0100  -3.5852
 8847.050  Fe2   0.2090  12.0890  -6.7144
 8847.468  Fe2  -4.4210   8.1740  -9.1023
 8848.250  Fe1  -3.7810   4.4730  -6.3427
 8848.460  Fe1  -2.8480   4.5800  -5.4710
 8848.509  Fe1  -2.2250   5.2730  -5.2449
 8849.384  Ni1  -2.1500   5.3260  -5.2002
 8849.673  Ti2  -0.7370   8.9220  -5.8466
 8849.749  Fe1  -2.5450   5.3410  -5.6038
 8850.111  Fe1  -4.6960   3.2520  -6.5584
 8850.700  Co1  -1.0480   4.3950  -3.5650
 8851.209  Co2   0.1630  10.6130  -5.9151
 8854.541  Cr2  -2.4020   9.1050  -7.6164
 8854.823  Fe2  -2.5110  11.5180  -9.1074
 8855.670  Mn2  -2.9870   5.4000  -6.0796
 8856.981  Fe2  -2.3690  11.6350  -9.0324
 8857.054  Fe2  -5.9080   4.1490  -8.2841
 8857.263  Cr2  -0.1090  11.7000  -6.8096
 8858.216  Fe2  -2.0280  11.2890  -8.4932
 8860.059  Fe2  -6.3740   4.1540  -8.7530
 8860.742  Fe2  -4.3470   6.7290  -8.2007
 8860.895  Fe2  -3.0030   9.9050  -8.6756
 8861.141  Cr2  -1.5810   7.3860  -5.8110
 8861.322  Cr2  -1.2270  10.3210  -7.1378
 8861.983  Fe2  -0.2680  12.2210  -7.2670
 8862.014  Fe1  -1.1460   5.3570  -4.2140
 8862.590  Ni1  -0.5080   4.0700  -2.8389
 8863.090  Ti1  -1.0410   3.7100  -3.1657
 8863.208  Fe2  -3.0540  10.3480  -8.9803
 8863.640  Fe1  -1.7050   4.9660  -4.5490
 8864.827  Co2  -0.0400  10.6470  -6.1375
 8865.455  Cr2  -1.0310  10.2530  -6.9029
 8866.800  Fe2  -2.6040  11.3870  -9.1253
 8866.960  Fe1  -0.0650   4.5490  -2.6702
 8867.083  Cr2  -2.8630   7.3870  -7.0935
 8868.420  Fe1  -2.9840   3.0180  -4.7124
 8868.491  Fe1  -2.4190   5.3140  -5.4623
 8869.396  Mn2  -2.0270   6.8650  -5.9586
 8869.459  Fe2  -1.9720  12.0890  -8.8954
 8870.419  Fe2  -3.5150   7.7030  -7.9265
 8870.462  Fe2  -5.0940   3.8920  -7.3230
 8870.750  Co1  -1.0930   5.2610  -4.1060
 8870.781  Cr2  -0.5880  11.6770  -7.2754
 8870.910  Fe1  -4.0060   4.5590  -6.6169
 8873.091  Fe2  -3.1570   9.6540  -8.6859
 8873.390   C1  -1.0800   9.0000  -6.2343
 8874.530   S1  -0.7500   8.3800  -5.5492
 8874.530   S1  -1.9300   8.3800  -6.7292
 8874.530   S1   0.1300   8.3800  -4.6692
 8875.412   V2  -2.8970   4.7040  -5.5910
 8875.747  Fe2  -1.4820  11.2910  -7.9484
 8875.883  Fe2  -6.7400   4.4790  -9.3051
 8875.987  Cr2  -0.1620  10.2760  -6.0471
 8876.000  Fe1  -3.6980   4.5840  -6.3233
 8876.022  Fe1  -0.9890   5.0200  -3.8640
 8876.130  Fe1   0.1600   5.0200  -2.7150
 8876.339  Ca1  -1.0760   4.6240  -3.7242
 8877.070  Ni1  -0.4060   5.4700  -3.5387
 8878.260  Fe1  -3.6000   2.9900  -5.3124
 8878.760  Fe1  -2.1810   4.1910  -4.5812
 8878.956  Fe1  -4.8050   2.5880  -6.2872
 8880.700   S1  -0.4800   8.3800  -5.2792
 8880.700   S1  -0.7800   8.3800  -5.5792
 8881.349  Ni2  -1.3370  11.5790  -7.9683
 8881.641  Fe2  -2.3460  11.4600  -8.9092
 8882.470   S1  -1.6300   8.3800  -6.4292
 8882.470   S1  -0.6300   8.3800  -5.4292
 8882.470   S1  -0.2500   8.3800  -5.0492
 8882.534  Fe2   0.1920  12.2860  -6.8442
 8883.740  Fe1  -3.0800   4.9850  -5.9349
 8883.840  Si1  -1.7700   5.9300  -5.1661
 8884.230   S1  -1.6300   8.3800  -6.4292
 8884.230   S1  -0.0500   8.3800  -4.8492
 8884.230   S1  -0.6000   8.3800  -5.3992
 8884.438  Fe2  -6.3400   4.1540  -8.7190
 8884.617  Fe2  -1.5030  12.4600  -8.6389
 8885.340  Fe1  -3.2100   4.1430  -5.5827
 8885.943  Cr2  -4.3050   6.8690  -8.2389
 8886.179  Fe2  -2.4840  11.6730  -9.1691
 8886.219  Fe2  -1.3500  11.2550  -7.7958
 8886.654  Cr2  -6.1880   4.7500  -8.9083
 8887.100  Fe1  -2.0070   4.9560  -4.8453
 8887.737  Ni2  -0.7130  13.4580  -8.4204
 8888.867  Co1  -1.0370   5.1490  -3.9858
 8889.618  Sc2  -0.3850   8.0230  -4.9798
 8889.973  Fe1  -3.2090   5.3880  -6.2947
 8890.899  Fe2  -2.9770   7.7060  -7.3902
 8891.294  Fe2  -1.2410  12.4600  -8.3769
 8891.420  Fe1  -1.3610   5.3340  -4.4158
 8892.130  Fe1  -3.1680   5.0330  -6.0504
 8892.551  Sc2   0.0830   8.3440  -4.6956
 8892.835  Fe1  -2.5650   5.3480  -5.6278
 8892.970  Si1  -1.0000   5.9600  -4.4133
 8893.524  Cr2  -1.6900   9.1110  -6.9079
 8893.718  Ni1  -0.8950   5.4970  -4.0431
 8894.721  Fe2  -7.8200   3.9670 -10.0919
 8894.991  Fe1  -2.6450   5.0670  -5.5469
 8895.297  Cr2  -0.3040  10.2610  -6.1805
 8895.439  Mn1  -2.3210   4.3200  -4.7951
 8895.506  Fe2  -8.3610   3.4250 -10.3225
 8896.000  Fe1  -3.2220   4.4350  -5.7619
 8897.015  Ni2  -0.9370  13.1220  -8.4520
 8897.337  Fe1  -2.3370   5.2730  -5.3569
 8897.509  Fe1  -2.3220   4.9130  -5.1357
 8897.810  Fe2  -2.4750   7.7070  -6.8888
 8898.590  Fe2  -1.9060  11.6340  -8.5688
 8899.223  Ca1  -1.9770   4.6240  -4.6252
 8899.230  Si1  -1.0000   6.2000  -4.5507
 8900.207  Ni2  -1.1040  13.2770  -8.7078
 8900.278  Ti2  -0.6120   8.9050  -5.7119
 8902.710  Fe1  -2.2880   5.3720  -5.3646
 8902.940  Fe1  -2.5250   4.9880  -5.3816
 8902.956  Fe1  -2.6870   5.7960  -6.0064
 8904.517  Fe2  -1.6220  11.3540  -8.1244
 8904.662  Co1  -0.3560   5.3560  -3.4234
 8904.828  Fe2  -1.3880  11.3030  -7.8612
 8905.028  Ca1  -1.3500   4.4410  -3.8934
 8905.907  Fe2  -2.9170  10.3480  -8.8433
 8905.990  Fe1  -3.4970   5.0640  -6.3972
 8906.550  Cr2   0.0350  10.2960  -5.8615
 8906.907  Sc2  -0.0200   7.9810  -4.5907
 8907.925  Fe1  -3.0430   4.5800  -5.6660
 8908.201  Mn2  -0.3400  12.7340  -7.6328
 8908.283  Fe1  -2.5670   4.9560  -5.4053
 8909.182  Ca1  -0.4840   4.4410  -3.0274
 8909.550  Mn2  -2.5920   7.7570  -7.0344
 8911.380  Ca1  -2.0980   4.4300  -4.6351
 8911.981  Fe2  -2.4130  11.6640  -9.0930
 8912.070  Ca2   0.5750   7.0500  -3.4625
 8912.624  Cr2  -0.1370  10.2760  -6.0221
 8912.880  Al1  -2.3800   4.0700  -4.7109
 8912.880  Cl1   0.1600   9.1600  -5.0859
 8913.157  Sc2   0.2990   8.3560  -4.4865
 8914.362  Fe1  -2.8490   5.2730  -5.8689
 8914.830  Fe1  -2.6650   5.3340  -5.7198
 8915.367  Ni2  -0.3560  13.1250  -7.8727
 8915.510  Mn2  -3.4630   7.7580  -7.9060
 8916.241  Cr1  -1.5040   3.8920  -3.7330
 8916.440  Cr2  -0.0530  10.3210  -5.9638
 8917.132  Cr1  -1.5790   3.8900  -3.8068
 8917.935  Cr2  -1.0710  10.2610  -6.9475
 8918.880  Se1   1.2900   5.9500  -2.1176
 8919.025  Mn2  -2.4070   7.7580  -6.8500
 8919.829   V1  -1.4040   1.2180  -2.1016
 8919.950  Fe1  -0.4440   5.0640  -3.3442
 8919.956  Fe2  -3.3910   6.8030  -7.2871
 8920.020  Fe1  -2.1690   4.9130  -4.9827
 8920.726  Fe2  -2.4230   9.7000  -7.9782
 8920.792  Sc2   0.2380   8.0230  -4.3568
 8920.848   V2  -3.0870   4.7760  -5.8222
 8922.177  Cr2  -0.4580  10.2610  -6.3345
 8922.660  Fe1  -1.6020   4.9910  -4.4604
 8922.842  Fe2  -1.4860  10.2730  -7.3694
 8923.560  Al1  -2.1200   4.0700  -4.4509
 8923.570  Mg1  -1.5300   5.3700  -4.6054
 8924.099  Ca1  -2.3500   4.5320  -4.9455
 8924.169  Fe2  -2.1680  11.3960  -8.6945
 8925.474  Ca1  -1.7220   4.4430  -4.2665
 8925.706  Cr1  -1.6920   3.8890  -3.9192
 8925.750  Cr1  -2.2940   3.0700  -4.0522
 8926.025  Cr2  -0.7530  11.6510  -7.4255
 8926.060  Mn1  -1.1530   5.5700  -4.3429
 8926.240  Co1  -3.0280   2.8710  -4.6722
 8926.635  Fe2   0.2900   9.8490  -5.3505
 8926.758  Ti2   0.3490   7.8660  -4.1559
 8927.300  Cr2  -0.6890  11.7880  -7.4400
 8927.356  Ca2  -0.5720   7.0500  -4.6095
 8927.360  Ca2   0.7290   7.0500  -3.3085
 8927.707  Cr2  -0.3390  11.7110  -7.0459
 8929.040  Fe1  -0.7400   5.0860  -3.6528
 8929.429  Cr1  -2.7040   3.8920  -4.9330
 8929.720  Mn1  -0.6130   5.5500  -3.7915
 8930.920  Fe1  -2.3980   4.5590  -5.0089
 8931.216  Mn2  -3.5470   7.7600  -7.9912
 8931.567   V1  -0.7860   3.3150  -2.6845
 8931.780  Fe1  -3.3900   3.0470  -5.1350
 8932.493  Cr2  -6.3850   4.4970  -8.9604
 8932.940   V1  -1.6820   1.1950  -2.3664
 8933.636  Ca1  -2.0980   4.5350  -4.6952
 8934.115  Fe2  -4.3460   6.2170  -7.9065
 8935.824  Fe1  -3.6400   4.5840  -6.2653
 8936.302  Cr2  -0.4360  11.6670  -7.1177
 8936.581  Cr1  -2.4890   3.8900  -4.7168
 8937.468  Sc2   0.4000   7.9810  -4.1707
 8937.716  Ti2  -0.7190   8.8930  -5.8120
 8937.844  Fe1  -2.8920   4.5930  -5.5224
 8938.048  Fe2  -1.4420   9.9050  -7.1146
 8939.210  Cr1  -1.8320   3.8880  -4.0587
 8940.195  Fe1  -0.9000   4.5800  -3.5230
 8940.340  Fe1  -2.5620   4.9130  -5.3757
 8940.546  Fe2  -2.0000  11.4600  -8.5632
 8941.241  Cr2  -0.2710  11.6880  -6.9647
 8942.870  Fe1  -2.8990   4.9560  -5.7373
 8942.870  Fe1  -3.2200   4.9560  -6.0583
 8943.000  Fe1  -2.9910   2.8320  -4.6129
 8943.500  Cs1  -0.1590   0.0000  -0.1590
 8943.729  Cr1  -2.0020   4.4470  -4.5488
 8943.913  Cr2  -3.5690   6.6050  -7.3517
 8945.200  Fe1  -0.2350   5.0330  -3.1174
 8946.051  Fe2  -4.1600   3.9030  -6.3953
 8946.250  Fe1  -3.1950   2.8450  -4.8243
 8946.506  Cr1  -2.4610   3.8890  -4.6882
 8946.853  Fe2  -3.9470   6.8070  -7.8454
 8947.200  Cr1  -0.7240   3.0900  -2.4936
 8947.331  Fe2  -2.4390  11.4600  -9.0022
 8947.931  Ni2  -0.9110  13.2840  -8.5188
 8948.010  Cl1  -0.2400   8.8800  -5.3256
 8948.100  Fe1  -2.5080   5.0700  -5.4116
 8949.090  Si1  -1.0000   5.9400  -4.4018
 8949.221   V1  -2.1810   1.8690  -3.2514
 8949.686  Cr1  -1.9960   4.4490  -4.5439
 8950.200  Fe1  -2.1640   4.1540  -4.5430
 8950.267  Fe2  -3.3760   7.7270  -7.8013
 8950.540  Fe1  -1.7900   5.3570  -4.8580
 8951.401  Cr2  -6.1780   4.7610  -8.9046
 8952.467  Fe2  -2.1060  12.2620  -9.1285
 8952.530  Fe1  -3.0910   4.9660  -5.9350
 8953.092  Cr2  -0.6110  11.6550  -7.2858
 8953.160  Fe2  -1.0640  11.3030  -7.5372
 8953.580  Fe1  -2.6030   5.3570  -5.6710
 8954.037  Fe1  -2.8920   5.3720  -5.9686
 8954.650  Ni1  -2.7390   3.8800  -4.9611
 8954.946  Fe1  -5.1690   2.5590  -6.6345
 8955.700  Fe1  -3.7470   4.9850  -6.6019
 8955.763  Cr1  -1.9910   3.8870  -4.2171
 8955.897  Fe2  -1.1790   9.9050  -6.8516
 8956.260  Fe1  -2.8440   5.0100  -5.7132
 8958.002  Cr1  -2.6230   3.8880  -4.8497
 8958.363  Co1  -1.3710   4.2090  -3.7815
 8959.864  Fe1  -2.3640   5.3860  -5.4486
 8961.330  Fe1  -2.2570   4.9660  -5.1010
 8962.268  Fe1  -2.7600   5.0700  -5.6636
 8962.433  Fe1  -3.0270   5.3200  -6.0738
 8963.296  Fe2  -0.3870  12.2860  -7.4232
 8963.905  Fe2  -0.6340  12.4600  -7.7699
 8964.495  Ni1  -0.9590   5.5950  -4.1633
 8965.015  Fe2  -3.2110   7.7170  -7.6305
 8965.537  Fe2  -2.2730  11.9370  -9.1093
 8965.940  Ni1  -1.0440   4.0900  -3.3863
 8966.406  Co2  -0.5650  10.7060  -6.6963
 8967.474  Ca1  -0.3100   4.4510  -2.8591
 8967.530  Fe1  -2.7480   5.0120  -5.6184
 8968.200  Ni1  -0.0090   5.3200  -3.0558
 8968.298  Fe1  -2.5480   4.5840  -5.1733
 8969.388  Fe1  -4.7200   3.2110  -6.5589
 8970.928  Fe2  -8.1700   3.3870 -10.1097
 8971.455  Fe1  -2.7220   4.9850  -5.5769
 8971.676   V1  -2.0740   1.1830  -2.7515
 8972.925  Fe2  -1.5980  12.1670  -8.5661
 8973.440  Cr2  -0.4770  11.6720  -7.1616
 8975.140  Fe1  -2.1790   4.9880  -5.0356
 8975.311  Fe1  -4.4520   4.1430  -6.8247
 8975.410  Fe1  -2.5060   2.9900  -4.2184
 8975.671  Cr1  -0.6230   5.8080  -3.9492
 8976.616  Fe2  -0.6050  12.3160  -7.6584
 8976.726  Fe2  -6.9500   4.4950  -9.5243
 8976.880  Cr1  -1.1110   3.0700  -2.8692
 8977.582  Cr2  -0.3130  10.2960  -6.2095
 8978.170  Fe1  -3.5760   3.4150  -5.5318
 8978.466  Fe1  -7.2470   1.4850  -8.0975
 8979.186  Ti2  -2.0090   2.5900  -3.4923
 8979.340  Ti2  -2.3500   2.5800  -3.8276
 8979.849  Ni1  -2.2650   5.2840  -5.2912
 8980.695  Ni2  -1.9730  11.7450  -8.6994
 8981.130  Fe2  -2.1810   6.7240  -6.0318
 8981.986  Ti2   0.4200   8.9430  -4.7017
 8982.045  Ca1  -2.0480   4.4410  -4.5914
 8982.350  Ni1  -2.8400   4.0700  -5.1709
 8982.431  Fe2  -1.2070  11.2700  -7.6613
 8983.665  Fe1  -3.0910   5.3860  -6.1756
 8984.040  Fe1  -2.4210   4.9850  -5.2759
 8984.870  Fe1  -0.9290   5.1000  -3.8498
 8986.552  Fe1  -3.1150   5.0700  -6.0186
 8987.100  Fe1  -2.3000   4.9850  -5.1549
 8987.264  Ca1  -1.0610   4.6240  -3.7092
 8987.315  Fe2  -1.9340  12.0890  -8.8574
 8987.832  Cr2   0.1770  10.3210  -5.7338
 8987.872  Cr1  -1.7880   4.4460  -4.3342
 8988.580  Ne1  -1.3200  18.3000 -11.8004
 8988.802  Fe2  -1.6860  12.0890  -8.6094
 8989.214  Cr2  -0.7310  10.2760  -6.6161
 8989.295  Cr1  -1.9490   4.4550  -4.5004
 8989.440  Ti1  -1.3760   1.7300  -2.3668
 8990.388  Fe2  -2.3820   6.2260  -5.9476
 8991.556  Fe1  -3.6550   5.1060  -6.5792
 8993.934  Fe2  -3.3000   8.7440  -8.3077
 8994.620  Fe1  -3.4250   3.2740  -5.3000
 8994.869  Fe1  -3.4480   4.2090  -5.8585
 8995.542  Ca1  -0.7850   4.4430  -3.3295
 8995.871  Ni2  -1.8470  11.5790  -8.4783
 8998.057  Ti2  -0.0360   8.8930  -5.1290
 8999.394  Ni2  -1.0720  11.7450  -7.7984
 8999.560  Fe1  -1.0080   2.8320  -2.6299
 9006.720  Fe1  -0.1700   4.9880  -3.0266
 9008.370  Fe1   0.0900   5.0500  -2.8021
 9009.040  Si1  -1.7600   6.2300  -5.3279
 9009.040  Si1  -0.5300   6.2300  -4.0979
 9009.950  Cr1   0.0640   3.3100  -1.8316
 9010.550  Fe1  -2.1700   2.6090  -3.6642
 9012.100  Fe1  -0.4830   4.9910  -3.3414
 9013.900  Fe1  -3.9310   2.2790  -5.2362
 9017.100  Cr1  -0.0840   3.3100  -1.9796
 9019.840  Fe1  -1.5470   5.1000  -4.4678
 9021.580  Si1  -0.9500   6.2700  -4.5408
 9021.690  Cr1  -0.3000   3.3100  -2.1956
 9024.470  Fe1  -3.6730   4.9130  -6.4867
 9027.320  Ti1  -1.1470   1.7300  -2.1378
 9027.900  Ti2  -3.1410   2.5900  -4.6243
 9028.900   N1  -0.2400  11.5500  -6.8547
 9030.670  Fe1  -3.9200   2.8450  -5.5493
 9034.680  Fe1  -3.3480   5.3140  -6.3913
 9035.860  Cr1  -1.4780   3.0700  -3.2362
 9035.920   S1  -0.6800   8.0100  -5.2673
 9036.320   S1  -0.9600   8.0100  -5.5473
 9036.730   S1  -1.4300   8.0100  -6.0173
 9036.740  Fe1  -2.4940   4.9880  -5.3506
 9038.720   S1  -1.3100   8.0100  -5.8973
 9039.270   S1  -1.4300   8.0100  -6.0173
 9045.400  Cl1  -0.3400   9.2400  -5.6318
 9048.060  Fe1  -3.2610   4.0760  -5.5953
 9052.560  Fe1  -2.3870   5.3340  -5.4418
 9057.970  Fe1  -4.8540   3.0470  -6.5990
 9058.760  Fe1  -3.0340   5.2730  -6.0539
 9060.600   N1  -0.0600  11.5500  -6.6747
 9061.480   C1  -0.2800   7.4500  -4.5466
 9062.240  Fe1  -1.3590   5.0860  -4.2718
 9062.530   C1  -0.3400   7.4500  -4.6066
 9070.420  Fe1  -3.2970   4.2200  -5.7138
 9070.420  Fe1  -1.6970   5.0860  -4.6098
 9073.150  Cl1  -0.3600   9.1600  -5.6059
 9077.620  Fe1  -3.4190   5.2730  -6.4389
 9078.320   C1  -0.4500   7.4500  -4.7166
 9079.600  Fe1  -0.8960   4.6520  -3.5602
 9080.480  Fe1  -1.6950   5.0330  -4.5774
 9080.480  Fe1  -3.7330   4.9560  -6.5713
 9084.200  Fe1  -3.4300   4.2560  -5.8674
 9084.290  Mn1  -2.1840   4.3400  -4.6695
 9088.330  Fe1  -2.4700   2.8450  -4.0993
 9088.570   C1  -0.4300   7.4500  -4.6966
 9089.410  Fe1  -2.3920   2.9490  -4.0809
 9090.700  Ti1  -1.0080   1.7400  -2.0045
 9091.800  Fe1  -2.8450   4.9660  -5.6890
 9094.890   C1   0.1200   7.4600  -4.1524
 9103.370  Si1  -1.6500   6.0500  -5.1148
 9103.370  Si1  -1.8500   6.0600  -5.3206
 9103.640  Fe1  -3.3450   4.1780  -5.7377
 9106.400  Ni1  -0.7570   5.3400  -3.8152
 9111.850   C1  -0.5100   7.4600  -4.7824
 9114.020  Mn1  -1.9920   4.3300  -4.4718
 9117.100  Fe1  -3.7650   2.8580  -5.4018
 9118.890  Fe1  -3.0260   2.8320  -4.6479
 9119.990  Fe1  -3.7440   4.2830  -6.1969
 9121.100  Cl1   0.2100   8.8800  -4.8756
 9122.970  Ar1  -0.1800  11.5000  -6.7661
 9123.140  Ti1  -1.4260   3.1100  -3.2071
 9129.030  Fe1  -3.0400   5.3570  -6.1080
 9132.690  Fe1  -2.7950   4.9660  -5.6390
 9140.150  Fe1  -3.3180   3.2520  -5.1804
 9146.110  Fe1  -2.0800   2.5880  -3.5622
 9147.800  Fe1  -1.3090   5.0640  -4.2092
 9155.670  Fe1  -2.4090   5.1000  -5.3298
 9156.230  Fe1  -4.1410   3.0180  -5.8694
 9164.510  Fe1  -1.5710   4.9130  -4.3847
 9167.530  Ti1  -1.3290   3.1300  -3.1216
 9172.090  Mn1  -1.8630   4.3300  -4.3428
 9173.200  Fe1  -2.2500   2.6090  -3.7442
 9173.630  Fe1  -1.6060   5.0640  -4.5062
 9173.830  Fe1  -3.7820   3.3010  -5.6725
 9175.850   P1  -0.5700   6.9100  -4.5274
 9178.650  CN1  -1.7890   0.0310  -1.8068
 9179.710  Fe1  -2.4080   4.5800  -5.0310
 9181.723  CN1  -1.7000   0.1180  -1.7676
 9182.830   C1  -0.9600   9.0000  -6.1143
 9183.330  CN1  -1.7420   0.0370  -1.7632
 9184.850  CN1  -1.7310   0.0890  -1.7820
 9186.961  CN1  -1.6780   0.1290  -1.7519
 9188.302  CN1  -1.6990   0.0430  -1.7236
 9188.529  CN1  -1.7090   0.0980  -1.7651
 9191.670  Cl1  -0.2200   8.9500  -5.3457
 9192.535  CN1  -1.6580   0.1400  -1.7382
 9192.570  CN1  -1.6880   0.1080  -1.7499
 9193.578  CN1  -1.6590   0.0490  -1.6871
 9194.760  Fe1  -3.7220   4.1430  -6.0947
 9196.976  CN1  -1.6670   0.1180  -1.7346
 9197.490  Cl1  -1.9700   9.2400  -7.2618
 9198.450  CN1  -1.6390   0.1520  -1.7261
 9199.161  CN1  -1.6230   0.0560  -1.6551
 9199.520  Fe1  -1.1000   5.0330  -3.9824
 9200.249  CN1  -1.7910   0.0260  -1.8059
 9201.749  CN1  -1.6480   0.1290  -1.7219
 9203.100  Fe1  -1.7200   5.0640  -4.6202
 9203.386  CN1  -1.7440   0.0310  -1.7618
 9204.694  CN1  -1.6200   0.1640  -1.7139
 9204.820  Fe1  -3.3100   5.2730  -6.3299
 9205.054  CN1  -1.5890   0.0640  -1.6257
 9206.879  CN1  -1.6290   0.1400  -1.7092
 9206.911  CN1  -1.7000   0.0370  -1.7212
 9208.290  Cr1  -1.6430   3.1100  -3.4241
 9208.550  Si1  -1.2000   6.0600  -4.6706
 9210.030  Fe1  -3.4840   2.8450  -5.1133
 9210.819  CN1  -1.6600   0.0430  -1.6846
 9211.267  CN1  -1.5570   0.0720  -1.5982
 9211.279  CN1  -1.6030   0.1770  -1.7044
 9212.374  CN1  -1.6110   0.1520  -1.6981
 9212.910   S1   0.4100   6.5000  -3.3126
 9214.450  Fe1   0.2500   4.9130  -2.5637
 9215.115  CN1  -1.6240   0.0490  -1.6521
 9217.540  Fe1  -0.8950   4.9910  -3.7534
 9217.796  CN1  -1.5270   0.0800  -1.5728
 9218.209  CN1  -1.5860   0.1900  -1.6948
 9218.226  CN1  -1.5940   0.1640  -1.6879
 9218.250  Mg2   0.2700   8.6200  -4.6667
 9219.787  CN1  -1.5890   0.0560  -1.6211
 9224.453  CN1  -1.5780   0.1770  -1.6794
 9224.500  Ar1  -0.4100  11.7800  -7.1564
 9224.646  CN1  -1.4990   0.0890  -1.5500
 9224.840  CN1  -1.5570   0.0640  -1.5937
 9225.482  CN1  -1.5690   0.2030  -1.6853
 9228.110   S1   0.2600   6.5000  -3.4626
 9230.274  CN1  -1.5280   0.0720  -1.5692
 9231.035  CN1  -1.5620   0.1900  -1.6708
 9231.832  CN1  -1.4730   0.0980  -1.5291
 9233.100  CN1  -1.5530   0.2170  -1.6773
 9233.150  Fe1  -2.2380   5.3200  -5.2848
 9236.077  CN1  -1.5000   0.0800  -1.5458
 9237.490   S1   0.0400   6.5000  -3.6826
 9237.984  CN1  -1.5460   0.2030  -1.6623
 9238.600  Si1  -1.4200   6.0700  -4.8963
 9239.345  CN1  -1.4480   0.1080  -1.5099
 9241.068  CN1  -1.5380   0.2320  -1.6709
 9242.254  CN1  -1.4730   0.0890  -1.5240
 9242.320  Fe1  -0.0600   4.9880  -2.9166
 9243.290  Mn1  -1.8800   4.3100  -4.3483
 9244.270  Mg2  -0.0300   8.6200  -4.9667
 9245.299  CN1  -1.5320   0.2170  -1.6563
 9246.140  Ti1  -1.2330   3.1500  -3.0370
 9246.499  Mg1  -2.9800   5.7500  -6.2730
 9246.540  Fe1  -4.8140   2.5880  -6.2962
 9247.191  CN1  -1.4240   0.1180  -1.4916
 9248.130  Fe1  -2.7740   5.0700  -5.6776
 9248.813  CN1  -1.4480   0.0980  -1.5041
 9249.387  CN1  -1.5240   0.2470  -1.6655
 9252.670  Ti2  -2.4420   2.5900  -3.9253
 9252.982  CN1  -1.5170   0.2320  -1.6499
 9253.670  Si1  -2.0800   6.2600  -5.6651
 9255.374  CN1  -1.4020   0.1290  -1.4759
 9255.740  CN1  -1.4250   0.1080  -1.4869
 9255.780  Mg1  -0.1500   5.7300  -3.4316
 9257.620  Ti1  -0.7760   3.3500  -2.6945
 9258.058  CN1  -1.5090   0.2620  -1.6590
 9258.300  Fe1  -0.7750   4.5840  -3.4003
 9259.050  Fe1  -0.8940   4.9130  -3.7077
 9260.880   O1  -0.0250  10.6900  -6.1472
 9260.880   O1  -0.2680  10.6900  -6.3902
 9260.880   O1   0.0850  10.6900  -6.0372
 9261.029  CN1  -1.5040   0.2470  -1.6455
 9262.730   O1   0.4100  10.6900  -5.7122
 9262.730   O1  -0.3930  10.6900  -6.5152
 9262.730   O1   0.1970  10.6900  -5.9252
 9263.034  CN1  -1.4020   0.1180  -1.4696
 9263.367  Cu1  -1.3680   5.6900  -4.6267
 9263.413  Cu1  -0.8910   5.6900  -4.1497
 9263.505  Cu1  -0.6690   5.6900  -3.9277
 9263.540  Cu1  -0.5110   5.6900  -3.7697
 9263.644  Cu1  -0.5230   5.6900  -3.7817
 9263.895  CN1  -1.3810   0.1400  -1.4612
 9263.970  Cr1  -1.7220   3.1000  -3.4974
 9265.990   O1   0.1000  10.6900  -6.0222
 9265.990   O1   0.6900  10.6900  -5.4322
 9265.990   O1  -0.7500  10.6900  -6.8722
 9267.090  CN1  -1.4960   0.2780  -1.6552
 9269.454  CN1  -1.4900   0.2620  -1.6400
 9270.714  CN1  -1.3810   0.1290  -1.4549
 9272.761  CN1  -1.3610   0.1520  -1.4481
 9276.480  CN1  -1.4830   0.2940  -1.6514
 9278.241  CN1  -1.4770   0.2780  -1.6362
 9278.759  CN1  -1.3610   0.1400  -1.4412
 9281.980  CN1  -1.3410   0.1640  -1.4349
 9285.040  Ti1  -0.9630   3.3300  -2.8701
 9286.230  CN1  -1.4700   0.3110  -1.6481
 9286.790  Al2   0.7800  15.2400  -7.9480
 9287.182  CN1  -1.3410   0.1520  -1.4281
 9287.404  CN1  -1.4650   0.2940  -1.6334
 9288.550  Al2   0.4700  15.2400  -8.2580
 9288.550  Al2  -0.2700  15.2400  -8.9980
 9289.390  Fe1  -1.3160   5.0640  -4.2162
 9290.440  Cr1  -1.0770   2.5300  -2.5259
 9290.750  Al2   1.0200  15.2400  -7.7080
 9290.750  Al2  -2.0700  15.2400 -10.7980
 9290.750  Al2  -0.6500  15.2400  -9.3780
 9291.545  CN1  -1.3230   0.1770  -1.4244
 9294.170  Cr1  -2.1790   2.5300  -3.6279
 9294.170  Cr1  -3.6170   2.5300  -5.0659
 9294.660  Fe1  -1.4390   5.0330  -4.3214
 9295.977  CN1  -1.3230   0.1640  -1.4169
 9296.345  CN1  -1.4570   0.3280  -1.6448
 9296.934  CN1  -1.4520   0.3110  -1.6301
 9297.140  Fe1  -1.8760   4.7330  -4.5866
 9301.466  CN1  -1.3050   0.1900  -1.4138
 9303.300  Fe1  -2.8820   5.3340  -5.9368
 9304.880   P1  -0.2700   6.9200  -4.2331
 9305.152  CN1  -1.3050   0.1770  -1.4064
 9306.830  CN1  -1.4450   0.3450  -1.6426
 9306.843  CN1  -1.4410   0.3280  -1.6288
 9307.940  Fe1   0.0600   5.0330  -2.8224
 9311.510  Fe1  -1.9010   5.0860  -4.8138
 9311.739  CN1  -1.2880   0.2030  -1.4043
 9312.480  Ti1  -1.1060   3.3200  -3.0074
 9313.550  Cr1  -2.8340   2.8600  -4.4719
 9314.702  CN1  -1.2880   0.1900  -1.3968
 9317.132  CN1  -1.4290   0.3450  -1.6266
 9317.683  CN1  -1.4330   0.3640  -1.6415
 9318.130  Fe1  -1.4820   4.9560  -4.3203
 9318.240  Si1  -0.8900   6.0700  -4.3663
 9322.376  CN1  -1.2720   0.2170  -1.3963
 9323.880  Fe1  -2.7870   4.9910  -5.6454
 9324.070  Fe1  -1.9500   5.0860  -4.8628
 9324.625  CN1  -1.2720   0.2030  -1.3883
 9327.796  CN1  -1.4180   0.3640  -1.6265
 9328.903  CN1  -1.4220   0.3820  -1.6408
 9331.550  Al2   0.7300  15.2400  -7.9980
 9333.366  CN1  -1.2560   0.2320  -1.3889
 9334.937  CN1  -1.2560   0.2170  -1.3803
 9338.846  CN1  -1.4070   0.3820  -1.6258
 9340.503  CN1  -1.4110   0.4010  -1.6407
 9343.400  Fe1  -1.7060   5.0330  -4.5884
 9344.727  CN1  -1.2410   0.2470  -1.3825
 9345.622  CN1  -1.2410   0.2320  -1.3739
 9350.280  CN1  -1.3960   0.4010  -1.6257
 9350.460  Fe1  -1.0680   4.5490  -3.6732
 9352.478  CN1  -1.4000   0.4210  -1.6411
 9354.220  Ar1  -1.6100  11.7800  -8.3564
 9354.640  Fe1  -1.5160   5.0860  -4.4288
 9356.457  CN1  -1.2260   0.2620  -1.3760
 9356.694  CN1  -1.2260   0.2470  -1.3675
 9357.774  CN1  -1.6650   0.1640  -1.7589
 9359.420  Fe1  -4.7440   2.5590  -6.2095
 9360.777  CN1  -1.6760   0.1520  -1.7631
 9362.060  Cr1  -2.6650   2.9000  -4.3258
 9362.099  CN1  -1.3860   0.4210  -1.6271
 9362.370  Fe1  -3.5200   2.2790  -4.8252
 9364.835  CN1  -1.3890   0.4410  -1.6416
 9368.149  CN1  -1.2120   0.2620  -1.3620
 9368.561  CN1  -1.2120   0.2780  -1.3712
 9370.450  CN1  -1.6460   0.1770  -1.7474
 9372.644  CN1  -1.6560   0.1640  -1.7499
 9372.900  Fe1  -4.9540   2.5590  -6.4195
 9374.302  CN1  -1.3760   0.4410  -1.6286
 9375.140  Fe1  -3.9360   2.9900  -5.6484
 9379.986  CN1  -1.1980   0.2780  -1.3572
 9381.037  CN1  -1.1980   0.2940  -1.3664
 9382.930  Fe1  -2.7200   4.9850  -5.5749
 9383.400  Fe1  -2.5070   4.9850  -5.3619
 9383.489  CN1  -1.6270   0.1900  -1.7358
 9384.907  CN1  -1.6360   0.1770  -1.7374
 9385.620  Ni1  -1.5330   4.1500  -3.9097
 9386.790   N1   0.0700  10.6300  -6.0178
 9386.903  CN1  -1.3660   0.4610  -1.6300
 9388.280  Fe1  -1.5560   4.9880  -4.4126
 9392.217  CN1  -1.1850   0.2940  -1.3534
 9392.800   N1   0.3300  10.6400  -5.7635
 9393.400  Si1  -1.2900   6.1000  -4.7835
 9393.810  Cl1  -0.6700   8.9500  -5.7957
 9393.888  CN1  -1.1850   0.3110  -1.3631
 9394.710  Fe1  -0.2300   4.9560  -3.0683
 9396.899  CN1  -1.6100   0.2030  -1.7263
 9397.566  CN1  -1.6180   0.1900  -1.7268
 9399.897  CN1  -1.3560   0.4820  -1.6320
 9404.838  CN1  -1.1720   0.3110  -1.3501
 9405.770   C1   0.2800   7.6500  -4.1012
 9407.125  CN1  -1.1720   0.3280  -1.3598
 9407.340  Fe1  -3.7380   4.6380  -6.3942
 9408.500  Fe1  -4.0560   4.0760  -6.3903
 9409.550  Fe1  -2.5150   5.0330  -5.3974
 9410.150  Fe1  -1.6060   5.1000  -4.5268
 9410.620  CN1  -1.6010   0.2030  -1.7173
 9410.696  CN1  -1.5930   0.2170  -1.7173
 9413.590  Si1  -0.4200   5.0600  -3.3179
 9414.140  Fe1  -1.6420   5.0640  -4.5422
 9417.852  CN1  -1.1600   0.3280  -1.3478
 9418.520  Fe1  -3.6310   4.5840  -6.2563
 9420.749  CN1  -1.1600   0.3450  -1.3576
 9421.820  Si1  -0.8900   6.1000  -4.3835
 9423.070  Fe1  -2.9320   5.1000  -5.8528
 9424.078  CN1  -1.5840   0.2170  -1.7083
 9424.869  CN1  -1.5760   0.2320  -1.7089
 9429.580  Mn1  -0.5880   5.6500  -3.8238
 9431.262  CN1  -1.1470   0.3450  -1.3446
 9431.770  Ti1  -0.5780   3.5600  -2.6168
 9433.171  Fe1  -3.2200   4.6070  -5.8584
 9434.757  CN1  -1.1470   0.3640  -1.3555
 9437.910  Fe1  -1.6480   4.5840  -4.2733
 9437.934  CN1  -1.5670   0.2320  -1.6999
 9439.424  CN1  -1.5600   0.2470  -1.7015
 9443.980  Fe1  -1.6770   5.0860  -4.5898
 9444.360  Cr1  -3.3330   2.5300  -4.7819
 9445.070  CN1  -1.1360   0.3640  -1.3445
 9447.000  Cr1  -2.0150   2.5300  -3.4639
 9447.000  Cr1  -1.1960   2.5300  -2.6449
 9449.151  CN1  -1.1360   0.3820  -1.3548
 9452.188  CN1  -1.5520   0.2470  -1.6935
 9452.450  Fe1  -1.8050   5.0100  -4.6742
 9453.220  Ti1  -0.6000   3.5500  -2.6331
 9454.240  Fe1  -1.8700   5.1000  -4.7908
 9454.375  CN1  -1.5450   0.2620  -1.6950
 9459.281  CN1  -1.1240   0.3820  -1.3428
 9460.660   N1  -0.6300  10.6400  -6.7235
 9462.970  Fe1  -1.2690   4.9560  -4.1073
 9463.946  CN1  -1.1240   0.4010  -1.3537
 9466.857  CN1  -1.5370   0.2620  -1.6870
 9469.710  CN1  -1.5300   0.2780  -1.6892
 9472.400  Cu1  -0.1600   7.1200  -4.2376
 9473.897  CN1  -1.1130   0.4010  -1.3427
 9476.570  Mn1  -1.2430   5.6700  -4.4902
 9479.139  CN1  -1.1130   0.4210  -1.3541
 9481.933  CN1  -1.5220   0.2780  -1.6812
 9485.447  CN1  -1.5160   0.2940  -1.6844
 9485.930  Fe1  -4.0390   3.3010  -5.9295
 9486.680  Ne1  -0.9700  18.3000 -11.4504
 9486.890  Cl1  -1.0700   8.9900  -6.2186
 9488.921  CN1  -1.1020   0.4210  -1.3431
 9494.737  CN1  -1.1020   0.4410  -1.3546
 9495.910  Fe1  -2.5690   5.0640  -5.4692
 9497.417  CN1  -1.5080   0.2940  -1.6764
 9501.585  CN1  -1.5030   0.3110  -1.6811
 9504.353  CN1  -1.0920   0.4410  -1.3446
 9505.280  Si1  -0.8100   6.1000  -4.3035
 9506.040  Ti1   0.2260   3.5700  -1.8185
 9507.160  Fe1  -2.1160   4.6520  -4.7802
 9508.490  Ti1   0.0280   3.5500  -2.0051
 9510.737  CN1  -1.0920   0.4610  -1.3560
 9510.810  Ti1  -0.1800   3.5400  -2.2074
 9511.550  Ti1  -0.4670   3.5300  -2.4886
 9511.800  Ti1  -0.3750   3.5400  -2.4024
 9513.240  Fe1  -1.7760   5.0330  -4.6584
 9513.317  CN1  -1.4950   0.3110  -1.6731
 9518.123  CN1  -1.4890   0.3280  -1.6768
 9520.060  Ni1  -0.8920   4.1500  -3.2687
 9520.197  CN1  -1.0810   0.4610  -1.3450
 9525.780   P1  -0.1000   6.9600  -4.0860
 9527.145  CN1  -1.0810   0.4820  -1.3570
 9529.635  CN1  -1.4810   0.3280  -1.6688
 9534.900  Ca1  -1.2600   4.4410  -3.8034
 9535.076  CN1  -1.4760   0.3450  -1.6736
 9536.463  CN1  -1.0710   0.4820  -1.3470
 9537.970  Ca1  -1.6600   4.5320  -4.2555
 9543.368  Fe1  -2.4330   5.0100  -5.3022
 9543.973  CN1  -1.0710   0.5030  -1.3591
 9546.070  Ti1  -1.5920   0.8300  -2.0673
 9546.372  CN1  -1.4690   0.3450  -1.6666
 9550.900  Fe1  -1.7330   4.9880  -4.5896
 9551.440   C1  -3.8400   8.5370  -8.7291
 9552.437  CN1  -1.4640   0.3640  -1.6725
 9553.152  CN1  -1.0610   0.5030  -1.3491
 9553.180  Ca1  -1.6600   4.5350  -4.2572
 9555.280   C1  -3.5900   8.5370  -8.4791
 9556.560  Fe1  -3.4850   3.2520  -5.3474
 9561.219  CN1  -1.0610   0.5250  -1.3617
 9563.450   P1  -0.1500   6.9200  -4.1131
 9563.530  CN1  -1.4560   0.3640  -1.6645
 9563.729  Fe1  -1.5950   4.9560  -4.4333
 9568.580  Cr1  -3.3750   2.5300  -4.8239
 9569.960  Fe1  -1.3890   4.9910  -4.2474
 9570.080  Ti1  -0.6010   3.5600  -2.6398
 9570.080  Si1  -1.8700   6.0600  -5.3406
 9570.080  Si1  -4.0500   5.8500  -7.4003
 9570.219  CN1  -1.4520   0.3820  -1.6708
 9570.255  CN1  -1.0520   0.5250  -1.3527
 9571.760  Cr1  -2.0190   2.5300  -3.4679
 9574.250  Cr1  -1.3260   2.5300  -2.7749
 9578.879  CN1  -1.0520   0.5470  -1.3653
 9581.127  CN1  -1.4440   0.3820  -1.6628
 9584.770  Cl1  -0.4000   8.9500  -5.5257
 9585.720  Si1  -2.5900   4.9100  -5.4020
 9587.794  CN1  -1.0420   0.5470  -1.3553
 9588.421  CN1  -1.4400   0.4010  -1.6697
 9588.770  Ti1  -0.5880   3.5700  -2.6325
 9590.150  Ti1  -1.5080   3.2100  -3.3464
 9592.200  Cl1   0.3400   9.1600  -4.9059
 9593.540   P1  -0.1800   6.9100  -4.1374
 9595.600   K1  -0.4300   2.6600  -1.9534
 9595.600   K1  -1.7300   2.6600  -3.2534
 9596.975  CN1  -1.0420   0.5690  -1.3679
 9597.760   K1  -0.5800   2.6600  -2.1034
 9599.144  CN1  -1.4330   0.4010  -1.6627
 9599.530  Ti1  -1.4430   0.8200  -1.9126
 9603.090   C1  -1.2000   7.4500  -5.4666
 9603.500  He1  -1.6310  22.8200 -14.7000
 9604.320  Ca1  -1.0300   4.4510  -3.5791
 9605.769  CN1  -1.0330   0.5690  -1.3589
 9606.770  Ti1  -0.7420   3.5800  -2.7923
 9607.043  CN1  -1.4280   0.4210  -1.6691
 9608.560  Mn1   0.3840   5.7900  -2.9319
 9608.890  Fe1  -3.5620   4.9850  -6.4169
 9608.970   P1  -0.8800   6.9100  -4.8374
 9611.600   V1  -1.9450   1.9500  -3.0618
 9614.680   V1  -2.2630   1.9400  -3.3740
 9615.494  CN1  -1.0330   0.5920  -1.3720
 9617.603  CN1  -1.4210   0.4210  -1.6621
 9620.860   C1  -0.5700   7.4500  -4.8366
 9620.930  Fe1  -4.8140   3.5470  -6.8454
 9623.075  Fe1  -1.8130   5.0200  -4.6880
 9624.177  CN1  -1.0240   0.5930  -1.3636
 9626.300  Cr1  -2.9400   2.9000  -4.6008
 9626.560  Fe1  -2.8780   5.0330  -5.7604
 9626.860  Fe1  -1.8650   5.3050  -4.9032
 9632.370  Cl1  -0.5100   9.2400  -5.8018
 9633.780   S1  -0.5500   8.3700  -5.3435
 9634.220  Fe1  -1.2350   5.0640  -4.1352
 9634.453  CN1  -1.0240   0.6160  -1.3768
 9636.690  Fe1  -3.9090   4.5490  -6.5142
 9638.280  Ti1  -0.6420   0.8400  -1.1231
 9639.400  Ca1  -2.1500   4.7100  -4.8474
 9640.760  Fe1  -2.5190   5.3200  -5.5658
 9643.025  CN1  -1.0150   0.6160  -1.3678
 9647.400  Ti1  -1.4630   0.8100  -1.9269
 9649.940   S1   0.3500   8.3700  -4.4435
 9653.140  Fe1  -0.7710   4.7330  -3.4816
 9653.851  CN1  -1.0150   0.6400  -1.3815
 9657.300  Fe1  -1.3990   5.0860  -4.3118
 9657.780  Ar1  -0.6800  11.5700  -7.3062
 9658.490   C1  -0.1300   7.4600  -4.4024
 9661.420  Ti1  -1.5440   2.1700  -2.7868
 9662.315  CN1  -1.0070   0.6400  -1.3735
 9663.190  Ti1  -2.6920   2.2900  -4.0035
 9663.580  Ca1  -0.7900   4.7100  -3.4874
 9664.290  Ca1  -0.8800   4.7200  -3.5831
 9665.430  Ne1  -0.4400  18.3000 -10.9204
 9667.200  Cr1  -2.1810   2.5300  -3.6299
 9670.480  Cr1  -1.4670   2.5300  -2.9159
 9672.340   S1  -0.5700   8.3700  -5.3635
 9673.698  CN1  -1.0070   0.6640  -1.3873
 9675.550  Ti1  -0.8380   0.8300  -1.3133
 9676.250  Ca1  -0.5900   4.7100  -3.2874
 9676.420  Fe1  -3.2870   5.3930  -6.3756
 9676.450  Fe1  -2.5050   4.5800  -5.1280
 9676.500  Mn1   0.0970   5.8200  -3.2361
 9680.800   S1   0.1000   8.3700  -4.6935
 9682.064  CN1  -0.9980   0.6640  -1.3783
 9684.900  Mn1  -0.2800   5.8400  -3.6246
 9688.600  Ca1  -0.2400   4.7200  -2.9431
 9688.860  Ti1  -1.6400   0.8100  -2.1039
 9689.350  Ni1  -2.2710   5.4200  -5.3750
 9689.410  Si1  -1.0600   6.0700  -4.5363
 9690.620  Ti1  -2.2830   2.1500  -3.5143
 9691.580   V1  -2.2980   1.9400  -3.4090
 9693.987  CN1  -0.9980   0.6890  -1.3926
 9697.330   S1  -0.5500   8.3700  -5.3435
 9701.810  Ca1   0.0000   4.7200  -2.7031
 9702.261  CN1  -0.9900   0.6890  -1.3846
 9702.350  Cl1  -0.4000   8.9900  -5.5486
 9702.860  Ti1  -2.8430   2.2900  -4.1545
 9703.184  Fe1  -1.5030   4.9880  -4.3596
 9705.640  Ti1  -1.0450   0.8200  -1.5146
 9710.210  Ni1  -0.9730   5.5900  -4.1744
 9711.618  Fe1  -1.5710   5.0100  -4.4402
 9714.737  CN1  -0.9900   0.7150  -1.3995
 9717.000  Ti1  -2.3970   2.3000  -3.7142
 9718.960  Ti1  -1.4490   1.5000  -2.3081
 9722.921  CN1  -0.9820   0.7150  -1.3915
 9728.360  Ti1  -1.2420   0.8100  -1.7059
 9728.570  Fe1  -3.2530   5.0860  -6.1658
 9730.320  Cr1  -1.0930   3.5400  -3.1204
 9734.520  Cr1  -1.6140   2.5300  -3.0629
 9734.740   P1  -0.6800   6.9200  -4.6431
 9735.944  CN1  -0.9820   0.7400  -1.4058
 9737.770  Ti1  -2.6990   2.3000  -4.0162
 9738.620  Fe1  -0.3240   4.9910  -3.1824
 9739.600  Cu1  -0.1600   6.1200  -3.6649
 9739.600  Cu1  -0.1600   6.1200  -3.6649
 9739.600  Cu1  -0.5110   6.1200  -4.0159
 9739.600  Cu1  -0.5110   6.1200  -4.0159
 9743.600  Ti1  -1.3400   0.8100  -1.8039
 9744.039  CN1  -0.9740   0.7400  -1.3978
 9744.330  Cl1  -1.9800   9.1600  -7.2259
 9746.860  Ti1  -2.0640   2.3100  -3.3869
 9747.320  Fe1  -2.3640   4.5800  -4.9870
 9747.833  Fe1  -4.4740   2.9490  -6.1629
 9750.730   P1  -0.1900   6.9200  -4.1531
 9752.840  Cr1  -2.8160   2.9000  -4.4768
 9753.130  Fe1  -0.9120   4.7960  -3.6587
 9757.620  CN1  -0.9740   0.7660  -1.4127
 9758.080  Si1  -1.7400   6.0500  -5.2048
 9759.860  Fe1  -2.6340   5.3200  -5.6808
 9763.450  Fe1  -0.8460   5.1000  -3.7668
 9764.400  Fe1  -2.9470   5.4460  -6.0659
 9765.631  CN1  -0.9660   0.7660  -1.4047
 9768.220  Ti1  -2.6450   2.3100  -3.9679
 9768.270  Si1  -2.3300   4.9300  -5.1534
 9770.280  Ti1  -1.5990   0.8400  -2.0801
 9779.760  CN1  -0.9660   0.7930  -1.4202
 9780.740  Fe1  -3.1600   4.5840  -5.7853
 9783.300  Ti1  -1.4500   0.8300  -1.9253
 9783.590  Ti1  -1.6460   0.8100  -2.1099
 9784.500  Ar1  -1.1500  11.7800  -7.8964
 9786.620  Fe1  -1.7830   4.5840  -4.4083
 9787.670  Ti1  -1.4700   0.8200  -1.9396
 9787.696  CN1  -0.9580   0.7930  -1.4122
 9789.240  Si1  -1.6800   6.0600  -5.1506
 9790.080   P1  -0.5600   7.1400  -4.6491
 9791.713  Fe1  -4.4840   2.9900  -6.1964
 9793.144  Fe1  -4.7590   3.0180  -6.4874
 9796.790   P1   0.2200   6.9600  -3.7660
 9800.330  Fe1  -0.7060   5.0860  -3.6188
 9802.385  CN1  -0.9580   0.8190  -1.4270
 9805.540  Fe1  -3.0630   4.5800  -5.6860
 9808.900  Fe1  -2.8840   5.4780  -6.0213
 9810.241  CN1  -0.9510   0.8210  -1.4212
 9811.360  Fe1  -2.5510   5.0120  -5.4214
 9813.450  Ti1  -2.7720   2.3200  -4.1007
 9821.800   N1  -0.2500  11.7100  -6.9563
 9825.489  CN1  -0.9510   0.8480  -1.4367
 9832.150  Ti1  -1.1950   1.8800  -2.2717
 9833.269  CN1  -0.9430   0.8480  -1.4287
 9834.040  Fe1  -1.7230   4.9910  -4.5814
 9839.580  Si1  -1.6700   6.0600  -5.1406
 9847.480  Fe1  -2.9190   4.5800  -5.5420
 9849.074  CN1  -0.9430   0.8760  -1.4447
 9850.100  Fe1  -4.6680   4.0760  -7.0023
 9856.700  Ca2  -0.2500   7.4700  -4.5281
 9856.793  CN1  -0.9360   0.8760  -1.4377
 9861.790  Fe1  -0.5720   5.0640  -3.4722
 9862.500   N1   0.0000  11.7100  -6.7063
 9865.440   V1  -2.2040   1.7000  -3.1776
 9866.880  Fe1  -3.3190   5.3340  -6.3738
 9868.020  Fe1  -3.4130   4.5840  -6.0383
 9873.158  CN1  -0.9360   0.9040  -1.4537
 9875.950  Cl1   0.1600   9.2400  -5.1318
 9879.410  Ti1  -2.4910   1.8700  -3.5620
 9880.821  CN1  -0.9290   0.9040  -1.4467
 9881.510  Fe1  -2.3350   4.5840  -4.9603
 9886.920  Si1  -1.4400   6.2000  -4.9907
 9889.080  Fe1  -0.4460   5.0330  -3.3284
 9890.630  Ca2   0.9000   8.4400  -3.9336
 9890.630  Ca2  -0.5400   8.4400  -5.3736
 9890.630  Ca2   1.0100   8.4400  -3.8236
 9891.900  Si1  -1.3000   6.1000  -4.7935
 9897.745  CN1  -0.9290   0.9320  -1.4628
 9898.900  Ni1  -1.2730   4.2200  -3.6898
 9900.870  Cr1  -2.1230   2.9700  -3.8239
 9903.740   P1  -0.2600   7.1400  -4.3491
 9905.342  CN1  -0.9220   0.9320  -1.4558
 9913.160  Si1  -1.7100   6.0700  -5.1863
 9917.930  Fe1  -2.4920   6.1340  -6.0049
 9923.970  Fe1  -2.7710   5.4780  -5.9083
 9924.350  Fe1  -3.3810   3.5470  -5.4124
 9927.350  Ti1  -1.3450   1.8700  -2.4160
 9933.300  Ca2   0.0500   7.4800  -4.2338
 9937.100  Fe1  -2.8100   4.5490  -5.4152
 9941.330  Ti1  -1.9060   2.1500  -3.1373
 9944.130  Fe1  -2.3280   5.0120  -5.1984
 9948.980  Ti1  -1.8490   2.1400  -3.0746
 9949.060  Cr1  -1.4250   3.5400  -3.4524
 9950.700  Fe1  -3.5110   4.5490  -6.1162
 9951.150  Fe1  -2.2670   5.3930  -5.3556
 9953.450  Fe1  -2.3870   5.4460  -5.5059
 9955.850  Fe1  -2.6310   4.5840  -5.2563
 9961.290  Na1  -0.5800   3.6200  -2.6532
 9976.650   P1  -0.1500   6.9600  -4.1360
 9983.200  Mg1  -2.1500   5.9100  -5.5347
 9986.475  Mg1  -1.6700   5.9300  -5.0661
 9993.209  Mg1  -1.4500   5.9100  -4.8347
 9997.940  Ti1  -1.5050   1.8700  -2.5760
